0.0000000e+00		1.0000000e+00		1.0000000e+00		0.0000000e+00
4.0000000e-02		9.9973340e-01		9.9973335e-01		3.4107864e-08
8.0000000e-02		9.9893413e-01		9.9893367e-01		2.7266661e-07
1.2000000e-01		9.9760320e-01		9.9760173e-01		9.1929361e-07
1.6000000e-01		9.9574214e-01		9.9573879e-01		2.1761056e-06
2.0000000e-01		9.9335299e-01		9.9334665e-01		4.2430723e-06
2.4000000e-01		9.9043830e-01		9.9042761e-01		7.3173760e-06
2.8000000e-01		9.8700110e-01		9.8698446e-01		1.1592779e-05
3.2000000e-01		9.8304494e-01		9.8302050e-01		1.7258997e-05
3.6000000e-01		9.7857386e-01		9.7853954e-01		2.4501092e-05
4.0000000e-01		9.7359236e-01		9.7354586e-01		3.3498862e-05
4.4000000e-01		9.6810546e-01		9.6804424e-01		4.4426261e-05
4.8000000e-01		9.6211864e-01		9.6203995e-01		5.7450820e-05
5.2000000e-01		9.5563784e-01		9.5553873e-01		7.2733091e-05
5.6000000e-01		9.4866947e-01		9.4854678e-01		9.0426111e-05
6.0000000e-01		9.4122041e-01		9.4107079e-01		1.1067487e-04
6.4000000e-01		9.3329796e-01		9.3311788e-01		1.3361584e-04
6.8000000e-01		9.2490988e-01		9.2469562e-01		1.5937645e-04
7.2000000e-01		9.1606435e-01		9.1581204e-01		1.8807465e-04
7.6000000e-01		9.0676996e-01		9.0647559e-01		2.1981851e-04
8.0000000e-01		8.9703574e-01		8.9669511e-01		2.5470575e-04
8.4000000e-01		8.8687108e-01		8.8647990e-01		2.9282341e-04
8.8000000e-01		8.7628578e-01		8.7583964e-01		3.3424746e-04
9.2000000e-01		8.6529002e-01		8.6478437e-01		3.7904249e-04
9.6000000e-01		8.5389433e-01		8.5332455e-01		4.2726139e-04
1.0000000e+00		8.4210960e-01		8.4147098e-01		4.7894510e-04
1.0400000e+00		8.2994707e-01		8.2923483e-01		5.3412236e-04
1.0800000e+00		8.1741830e-01		8.1662760e-01		5.9280948e-04
1.1200000e+00		8.0453514e-01		8.0366111e-01		6.5501020e-04
1.1600000e+00		7.9130979e-01		7.9034751e-01		7.2071550e-04
1.2000000e+00		7.7775469e-01		7.7669924e-01		7.8990351e-04
1.2400000e+00		7.6388258e-01		7.6272903e-01		8.6253942e-04
1.2800000e+00		7.4970645e-01		7.4844989e-01		9.3857540e-04
1.3200000e+00		7.3523954e-01		7.3387508e-01		1.0179506e-03
1.3600000e+00		7.2049529e-01		7.1901809e-01		1.1005913e-03
1.4000000e+00		7.0548739e-01		7.0389266e-01		1.1864106e-03
1.4400000e+00		6.9022971e-01		6.8851274e-01		1.2753089e-03
1.4800000e+00		6.7473631e-01		6.7289246e-01		1.3671738e-03
1.5200000e+00		6.5902140e-01		6.5704615e-01		1.4618802e-03
1.5600000e+00		6.4309936e-01		6.4098828e-01		1.5592908e-03
1.6000000e+00		6.2698469e-01		6.2473350e-01		1.6592557e-03
1.6400000e+00		6.1069202e-01		6.0829657e-01		1.7616134e-03
1.6800000e+00		5.9423608e-01		5.9169238e-01		1.8661905e-03
1.7200000e+00		5.7763167e-01		5.7493591e-01		1.9728022e-03
1.7600000e+00		5.6089369e-01		5.5804223e-01		2.0812527e-03
1.8000000e+00		5.4403707e-01		5.4102646e-01		2.1913355e-03
1.8400000e+00		5.2707678e-01		5.2390380e-01		2.3028338e-03
1.8800000e+00		5.1002783e-01		5.0668947e-01		2.4155209e-03
1.9200000e+00		4.9290520e-01		4.8939868e-01		2.5291607e-03
1.9600000e+00		4.7572389e-01		4.7204669e-01		2.6435081e-03
2.0000000e+00		4.5849886e-01		4.5464871e-01		2.7583096e-03
2.0400000e+00		4.4124502e-01		4.3721993e-01		2.8733040e-03
2.0800000e+00		4.2397723e-01		4.1977547e-01		2.9882224e-03
2.1200000e+00		4.0671028e-01		4.0233042e-01		3.1027893e-03
2.1600000e+00		3.8945884e-01		3.8489975e-01		3.2167231e-03
2.2000000e+00		3.7223751e-01		3.6749837e-01		3.3297364e-03
2.2400000e+00		3.5506074e-01		3.5014104e-01		3.4415372e-03
2.2800000e+00		3.3794285e-01		3.3284242e-01		3.5518289e-03
2.3200000e+00		3.2089802e-01		3.1561700e-01		3.6603115e-03
2.3600000e+00		3.0394026e-01		2.9847914e-01		3.7666821e-03
2.4000000e+00		2.8708337e-01		2.8144299e-01		3.8706355e-03
2.4400000e+00		2.7034099e-01		2.6452254e-01		3.9718649e-03
2.4800000e+00		2.5372653e-01		2.4773156e-01		4.0700631e-03
2.5200000e+00		2.3725320e-01		2.3108359e-01		4.1649223e-03
2.5600000e+00		2.2093394e-01		2.1459197e-01		4.2561359e-03
2.6000000e+00		2.0478146e-01		1.9826976e-01		4.3433984e-03
2.6400000e+00		1.8880821e-01		1.8212978e-01		4.4264066e-03
2.6800000e+00		1.7302636e-01		1.6618457e-01		4.5048601e-03
2.7200000e+00		1.5744780e-01		1.5044639e-01		4.5784624e-03
2.7600000e+00		1.4208411e-01		1.3492719e-01		4.6469213e-03
2.8000000e+00		1.2694658e-01		1.1963863e-01		4.7099496e-03
2.8400000e+00		1.1204617e-01		1.0459203e-01		4.7672664e-03
2.8800000e+00		9.7393502e-02		8.9798385e-02		4.8185971e-03
2.9200000e+00		8.2998877e-02		7.5268360e-02		4.8636746e-03
2.9600000e+00		6.8872235e-02		6.1012253e-02		4.9022400e-03
3.0000000e+00		5.5023164e-02		4.7040003e-02		4.9340431e-03
3.0400000e+00		4.1460884e-02		3.3361180e-02		4.9588433e-03
3.0800000e+00		2.8194242e-02		1.9984973e-02		4.9764100e-03
3.1200000e+00		1.5231704e-02		6.9201845e-03		4.9865237e-03
3.1600000e+00		2.5813455e-03		-5.8247807e-03		4.9889763e-03
3.2000000e+00		-9.7491500e-03		-1.8241920e-02		4.9835718e-03
3.2400000e+00		-2.1752501e-02		-3.0323640e-02		4.9701272e-03
3.2800000e+00		-3.3421833e-02		-4.2062764e-02		4.9484725e-03
3.3200000e+00		-4.4750682e-02		-5.3452538e-02		4.9184520e-03
3.3600000e+00		-5.5732999e-02		-6.4486631e-02		4.8799241e-03
3.4000000e+00		-6.6363157e-02		-7.5159148e-02		4.8327625e-03
3.4400000e+00		-7.6635951e-02		-8.5464626e-02		4.7768562e-03
3.4800000e+00		-8.6546602e-02		-9.5398043e-02		4.7121102e-03
3.5200000e+00		-9.6090760e-02		-1.0495482e-01		4.6384459e-03
3.5600000e+00		-1.0526450e-01		-1.1413082e-01		4.5558015e-03
3.6000000e+00		-1.1406435e-01		-1.2292235e-01		4.4641323e-03
3.6400000e+00		-1.2248724e-01		-1.3132617e-01		4.3634111e-03
3.6800000e+00		-1.3053055e-01		-1.3933949e-01		4.2536286e-03
3.7200000e+00		-1.3819209e-01		-1.4695996e-01		4.1347934e-03
3.7600000e+00		-1.4547011e-01		-1.5418569e-01		4.0069327e-03
3.8000000e+00		-1.5236328e-01		-1.6101523e-01		3.8700920e-03
3.8400000e+00		-1.5887071e-01		-1.6744759e-01		3.7243355e-03
3.8800000e+00		-1.6499192e-01		-1.7348220e-01		3.5697463e-03
3.9200000e+00		-1.7072686e-01		-1.7911895e-01		3.4064264e-03
3.9600000e+00		-1.7607593e-01		-1.8435817e-01		3.2344967e-03
4.0000000e+00		-1.8103990e-01		-1.8920062e-01		3.0540971e-03
4.0400000e+00		-1.8561998e-01		-1.9364750e-01		2.8653864e-03
4.0800000e+00		-1.8981779e-01		-1.9770043e-01		2.6685424e-03
4.1200000e+00		-1.9363535e-01		-2.0136145e-01		2.4637615e-03
4.1600000e+00		-1.9707508e-01		-2.0463303e-01		2.2512589e-03
4.2000000e+00		-2.0013978e-01		-2.0751804e-01		2.0312682e-03
4.2400000e+00		-2.0283264e-01		-2.1001977e-01		1.8040411e-03
4.2800000e+00		-2.0515725e-01		-2.1214188e-01		1.5698475e-03
4.3200000e+00		-2.0711753e-01		-2.1388846e-01		1.3289747e-03
4.3600000e+00		-2.0871781e-01		-2.1526396e-01		1.0817275e-03
4.4000000e+00		-2.0996275e-01		-2.1627320e-01		8.2842758e-04
4.4400000e+00		-2.1085735e-01		-2.1692138e-01		5.6941317e-04
4.4800000e+00		-2.1140696e-01		-2.1721406e-01		3.0503855e-04
4.5200000e+00		-2.1161727e-01		-2.1715714e-01		3.5673588e-05
4.5600000e+00		-2.1149427e-01		-2.1675685e-01		-2.3829680e-04
4.6000000e+00		-2.1104426e-01		-2.1601978e-01		-5.1647321e-04
4.6400000e+00		-2.1027387e-01		-2.1495282e-01		-7.9844232e-04
4.6800000e+00		-2.0918997e-01		-2.1356315e-01		-1.0837776e-03
4.7200000e+00		-2.0779976e-01		-2.1185827e-01		-1.3720398e-03
4.7600000e+00		-2.0611067e-01		-2.0984597e-01		-1.6627779e-03
4.8000000e+00		-2.0413040e-01		-2.0753429e-01		-1.9555296e-03
4.8400000e+00		-2.0186690e-01		-2.0493156e-01		-2.2498222e-03
4.8800000e+00		-1.9932834e-01		-2.0204634e-01		-2.5451735e-03
4.9200000e+00		-1.9652313e-01		-1.9888742e-01		-2.8410921e-03
4.9600000e+00		-1.9345987e-01		-1.9546385e-01		-3.1370790e-03
5.0000000e+00		-1.9014737e-01		-1.9178485e-01		-3.4326279e-03
5.0400000e+00		-1.8659461e-01		-1.8785988e-01		-3.7272260e-03
5.0800000e+00		-1.8281077e-01		-1.8369854e-01		-4.0203556e-03
5.1200000e+00		-1.7880516e-01		-1.7931064e-01		-4.3114941e-03
5.1600000e+00		-1.7458725e-01		-1.7470613e-01		-4.6001158e-03
5.2000000e+00		-1.7016664e-01		-1.6989513e-01		-4.8856920e-03
5.2400000e+00		-1.6555305e-01		-1.6488785e-01		-5.1676928e-03
5.2800000e+00		-1.6075632e-01		-1.5969465e-01		-5.4455875e-03
5.3200000e+00		-1.5578637e-01		-1.5432599e-01		-5.7188459e-03
5.3600000e+00		-1.5065321e-01		-1.4879241e-01		-5.9869390e-03
5.4000000e+00		-1.4536691e-01		-1.4310453e-01		-6.2493404e-03
5.4400000e+00		-1.3993761e-01		-1.3727305e-01		-6.5055270e-03
5.4800000e+00		-1.3437547e-01		-1.3130870e-01		-6.7549799e-03
5.5200000e+00		-1.2869070e-01		-1.2522224e-01		-6.9971861e-03
5.5600000e+00		-1.2289353e-01		-1.1902447e-01		-7.2316386e-03
5.6000000e+00		-1.1699417e-01		-1.1272619e-01		-7.4578381e-03
5.6400000e+00		-1.1100284e-01		-1.0633818e-01		-7.6752937e-03
5.6800000e+00		-1.0492974e-01		-9.9871224e-02		-7.8835239e-03
5.7200000e+00		-9.8785025e-02		-9.3336061e-02		-8.0820577e-03
5.7600000e+00		-9.2578806e-02		-8.6743382e-02		-8.2704355e-03
5.8000000e+00		-8.6321140e-02		-8.0103824e-02		-8.4482101e-03
5.8400000e+00		-8.0022013e-02		-7.3427947e-02		-8.6149478e-03
5.8800000e+00		-7.3691326e-02		-6.6726229e-02		-8.7702289e-03
5.9200000e+00		-6.7338888e-02		-6.0009047e-02		-8.9136492e-03
5.9600000e+00		-6.0974401e-02		-5.3286672e-02		-9.0448204e-03
6.0000000e+00		-5.4607451e-02		-4.6569250e-02		-9.1633713e-03
6.0400000e+00		-4.8247496e-02		-3.9866792e-02		-9.2689485e-03
6.0800000e+00		-4.1903857e-02		-3.3189166e-02		-9.3612172e-03
6.1200000e+00		-3.5585704e-02		-2.6546081e-02		-9.4398621e-03
6.1600000e+00		-2.9302050e-02		-1.9947077e-02		-9.5045883e-03
6.2000000e+00		-2.3061738e-02		-1.3401517e-02		-9.5551216e-03
6.2400000e+00		-1.6873432e-02		-6.9185713e-03		-9.5912097e-03
6.2800000e+00		-1.0745610e-02		-5.0721366e-04		-9.6126226e-03
6.3200000e+00		-4.6865502e-03		5.8237939e-03		-9.6191531e-03
6.3600000e+00		1.2956713e-03		1.2065908e-02		-9.6106180e-03
6.4000000e+00		7.1931940e-03		1.8210813e-02		-9.5868580e-03
6.4400000e+00		1.2998379e-02		2.4250432e-02		-9.5477383e-03
6.4800000e+00		1.8703816e-02		3.0176931e-02		-9.4931498e-03
6.5200000e+00		2.4302331e-02		3.5982733e-02		-9.4230085e-03
6.5600000e+00		2.9786996e-02		4.1660518e-02		-9.3372566e-03
6.6000000e+00		3.5151129e-02		4.7203237e-02		-9.2358628e-03
6.6400000e+00		4.0388308e-02		5.2604116e-02		-9.1188223e-03
6.6800000e+00		4.5492369e-02		5.7856663e-02		-8.9861573e-03
6.7200000e+00		5.0457418e-02		6.2954672e-02		-8.8379172e-03
6.7600000e+00		5.5277832e-02		6.7892232e-02		-8.6741785e-03
6.8000000e+00		5.9948265e-02		7.2663728e-02		-8.4950453e-03
6.8400000e+00		6.4463651e-02		7.7263851e-02		-8.3006494e-03
6.8800000e+00		6.8819209e-02		8.1687597e-02		-8.0911499e-03
6.9200000e+00		7.3010448e-02		8.5930274e-02		-7.8667333e-03
6.9600000e+00		7.7033163e-02		8.9987504e-02		-7.6276138e-03
7.0000000e+00		8.0883447e-02		9.3855228e-02		-7.3740328e-03
7.0400000e+00		8.4557686e-02		9.7529706e-02		-7.1062587e-03
7.0800000e+00		8.8052565e-02		1.0100752e-01		-6.8245871e-03
7.1200000e+00		9.1365064e-02		1.0428557e-01		-6.5293399e-03
7.1600000e+00		9.4492467e-02		1.0736110e-01		-6.2208654e-03
7.2000000e+00		9.7432354e-02		1.1023165e-01		-5.8995379e-03
7.2400000e+00		1.0018261e-01		1.1289511e-01		-5.5657571e-03
7.2800000e+00		1.0274141e-01		1.1534968e-01		-5.2199477e-03
7.3200000e+00		1.0510724e-01		1.1759391e-01		-4.8625589e-03
7.3600000e+00		1.0727887e-01		1.1962663e-01		-4.4940638e-03
7.4000000e+00		1.0925538e-01		1.2144704e-01		-4.1149589e-03
7.4400000e+00		1.1103613e-01		1.2305463e-01		-3.7257632e-03
7.4800000e+00		1.1262080e-01		1.2444922e-01		-3.3270176e-03
7.5200000e+00		1.1400932e-01		1.2563093e-01		-2.9192843e-03
7.5600000e+00		1.1520193e-01		1.2660023e-01		-2.5031456e-03
7.6000000e+00		1.1619916e-01		1.2735785e-01		-2.0792036e-03
7.6400000e+00		1.1700180e-01		1.2790486e-01		-1.6480789e-03
7.6800000e+00		1.1761092e-01		1.2824262e-01		-1.2104097e-03
7.7200000e+00		1.1802787e-01		1.2837278e-01		-7.6685121e-04
7.7600000e+00		1.1825427e-01		1.2829729e-01		-3.1807416e-04
7.8000000e+00		1.1829198e-01		1.2801838e-01		1.3523591e-04
7.8400000e+00		1.1814313e-01		1.2753855e-01		5.9237983e-04
7.8800000e+00		1.1781010e-01		1.2686060e-01		1.0526459e-03
7.9200000e+00		1.1729551e-01		1.2598757e-01		1.5153108e-03
7.9600000e+00		1.1660223e-01		1.2492278e-01		1.9796414e-03
8.0000000e+00		1.1573333e-01		1.2366978e-01		2.4448950e-03
8.0400000e+00		1.1469215e-01		1.2223239e-01		2.9103212e-03
8.0800000e+00		1.1348221e-01		1.2061465e-01		3.3751631e-03
8.1200000e+00		1.1210726e-01		1.1882085e-01		3.8386583e-03
8.1600000e+00		1.1057125e-01		1.1685547e-01		4.3000403e-03
8.2000000e+00		1.0887831e-01		1.1472324e-01		4.7585396e-03
8.2400000e+00		1.0703277e-01		1.1242906e-01		5.2133854e-03
8.2800000e+00		1.0503915e-01		1.0997806e-01		5.6638066e-03
8.3200000e+00		1.0290213e-01		1.0737553e-01		6.1090332e-03
8.3600000e+00		1.0062654e-01		1.0462695e-01		6.5482976e-03
8.4000000e+00		9.8217384e-02		1.0173797e-01		6.9808359e-03
8.4400000e+00		9.5679802e-02		9.8714374e-02		7.4058896e-03
8.4800000e+00		9.3019072e-02		9.5562129e-02		7.8227062e-03
8.5200000e+00		9.0240599e-02		9.2287322e-02		8.2305412e-03
8.5600000e+00		8.7349906e-02		8.8896171e-02		8.6286594e-03
8.6000000e+00		8.4352626e-02		8.5395011e-02		9.0163357e-03
8.6400000e+00		8.1254492e-02		8.1790289e-02		9.3928568e-03
8.6800000e+00		7.8061328e-02		7.8088546e-02		9.7575226e-03
8.7200000e+00		7.4779040e-02		7.4296411e-02		1.0109647e-02
8.7600000e+00		7.1413603e-02		7.0420593e-02		1.0448561e-02
8.8000000e+00		6.7971060e-02		6.6467863e-02		1.0773609e-02
8.8400000e+00		6.4457502e-02		6.2445051e-02		1.1084158e-02
8.8800000e+00		6.0879069e-02		5.8359032e-02		1.1379590e-02
8.9200000e+00		5.7241932e-02		5.4216716e-02		1.1659311e-02
8.9600000e+00		5.3552288e-02		5.0025036e-02		1.1922747e-02
9.0000000e+00		4.9816353e-02		4.5790943e-02		1.2169346e-02
9.0400000e+00		4.6040346e-02		4.1521387e-02		1.2398582e-02
9.0800000e+00		4.2230487e-02		3.7223316e-02		1.2609952e-02
9.1200000e+00		3.8392983e-02		3.2903660e-02		1.2802980e-02
9.1600000e+00		3.4534020e-02		2.8569320e-02		1.2977217e-02
9.2000000e+00		3.0659758e-02		2.4227165e-02		1.3132242e-02
9.2400000e+00		2.6776316e-02		1.9884013e-02		1.3267660e-02
9.2800000e+00		2.2889769e-02		1.5546629e-02		1.3383111e-02
9.3200000e+00		1.9006135e-02		1.1221711e-02		1.3478261e-02
9.3600000e+00		1.5131371e-02		6.9158832e-03		1.3552809e-02
9.4000000e+00		1.1271361e-02		2.6356836e-03		1.3606487e-02
9.4400000e+00		7.4319104e-03		-1.6124419e-03		1.3639056e-02
9.4800000e+00		3.6187378e-03		-5.8221495e-03		1.3650314e-02
9.5200000e+00		-1.6253346e-04		-9.9872063e-03		1.3640092e-02
9.5600000e+00		-3.9063818e-03		-1.4101499e-02		1.3608254e-02
9.6000000e+00		-7.6073950e-03		-1.8159040e-02		1.3554700e-02
9.6400000e+00		-1.1260277e-02		-2.2153978e-02		1.3479364e-02
9.6800000e+00		-1.4859855e-02		-2.6080606e-02		1.3382218e-02
9.7200000e+00		-1.8401086e-02		-2.9933363e-02		1.3263266e-02
9.7600000e+00		-2.1879061e-02		-3.3706850e-02		1.3122552e-02
9.8000000e+00		-2.5289015e-02		-3.7395830e-02		1.2960154e-02
9.8400000e+00		-2.8626329e-02		-4.0995235e-02		1.2776185e-02
9.8800000e+00		-3.1886539e-02		-4.4500177e-02		1.2570798e-02
9.9200000e+00		-3.5065337e-02		-4.7905950e-02		1.2344179e-02
9.9600000e+00		-3.8158580e-02		-5.1208036e-02		1.2096552e-02
1.0000000e+01		-4.1162291e-02		-5.4402111e-02		1.1828176e-02
1.0040000e+01		-4.4072668e-02		-5.7484050e-02		1.1539347e-02
1.0080000e+01		-4.6886083e-02		-6.0449932e-02		1.1230396e-02
1.0120000e+01		-4.9599090e-02		-6.3296044e-02		1.0901690e-02
1.0160000e+01		-5.2208425e-02		-6.6018883e-02		1.0553628e-02
1.0200000e+01		-5.4711014e-02		-6.8615165e-02		1.0186647e-02
1.0240000e+01		-5.7103969e-02		-7.1081823e-02		9.8012162e-03
1.0280000e+01		-5.9384598e-02		-7.3416012e-02		9.3978384e-03
1.0320000e+01		-6.1550402e-02		-7.5615112e-02		8.9770489e-03
1.0360000e+01		-6.3599080e-02		-7.7676729e-02		8.5394151e-03
1.0400000e+01		-6.5528529e-02		-7.9598699e-02		8.0855357e-03
1.0440000e+01		-6.7336846e-02		-8.1379088e-02		7.6160395e-03
1.0480000e+01		-6.9022330e-02		-8.3016195e-02		7.1315852e-03
1.0520000e+01		-7.0583481e-02		-8.4508549e-02		6.6328599e-03
1.0560000e+01		-7.2019003e-02		-8.5854913e-02		6.1205784e-03
1.0600000e+01		-7.3327801e-02		-8.7054285e-02		5.5954821e-03
1.0640000e+01		-7.4508983e-02		-8.8105894e-02		5.0583380e-03
1.0680000e+01		-7.5561859e-02		-8.9009204e-02		4.5099372e-03
1.0720000e+01		-7.6485943e-02		-8.9763908e-02		3.9510945e-03
1.0760000e+01		-7.7280946e-02		-9.0369931e-02		3.3826462e-03
1.0800000e+01		-7.7946781e-02		-9.0827429e-02		2.8054498e-03
1.0840000e+01		-7.8483557e-02		-9.1136781e-02		2.2203817e-03
1.0880000e+01		-7.8891579e-02		-9.1298596e-02		1.6283369e-03
1.0920000e+01		-7.9171348e-02		-9.1313702e-02		1.0302267e-03
1.0960000e+01		-7.9323553e-02		-9.1183148e-02		4.2697783e-04
1.1000000e+01		-7.9349075e-02		-9.0908201e-02		-1.8046916e-04
1.1040000e+01		-7.9248979e-02		-9.0490339e-02		-7.9116143e-04
1.1080000e+01		-7.9024514e-02		-8.9931251e-02		-1.4041353e-03
1.1120000e+01		-7.8677106e-02		-8.9232833e-02		-2.0184180e-03
1.1160000e+01		-7.8208361e-02		-8.8397179e-02		-2.6330287e-03
1.1200000e+01		-7.7620052e-02		-8.7426583e-02		-3.2469807e-03
1.1240000e+01		-7.6914124e-02		-8.6323529e-02		-3.8592828e-03
1.1280000e+01		-7.6092683e-02		-8.5090688e-02		-4.4689407e-03
1.1320000e+01		-7.5157995e-02		-8.3730914e-02		-5.0749592e-03
1.1360000e+01		-7.4112480e-02		-8.2247236e-02		-5.6763430e-03
1.1400000e+01		-7.2958708e-02		-8.0642853e-02		-6.2720993e-03
1.1440000e+01		-7.1699392e-02		-7.8921130e-02		-6.8612386e-03
1.1480000e+01		-7.0337385e-02		-7.7085587e-02		-7.4427769e-03
1.1520000e+01		-6.8875674e-02		-7.5139899e-02		-8.0157374e-03
1.1560000e+01		-6.7317374e-02		-7.3087884e-02		-8.5791516e-03
1.1600000e+01		-6.5665721e-02		-7.0933500e-02		-9.1320616e-03
1.1640000e+01		-6.3924070e-02		-6.8680833e-02		-9.6735213e-03
1.1680000e+01		-6.2095882e-02		-6.6334097e-02		-1.0202598e-02
1.1720000e+01		-6.0184728e-02		-6.3897622e-02		-1.0718375e-02
1.1760000e+01		-5.8194274e-02		-6.1375846e-02		-1.1219951e-02
1.1800000e+01		-5.6128276e-02		-5.8773312e-02		-1.1706444e-02
1.1840000e+01		-5.3990580e-02		-5.6094656e-02		-1.2176993e-02
1.1880000e+01		-5.1785108e-02		-5.3344600e-02		-1.2630755e-02
1.1920000e+01		-4.9515854e-02		-5.0527947e-02		-1.3066914e-02
1.1960000e+01		-4.7186880e-02		-4.7649571e-02		-1.3484675e-02
1.2000000e+01		-4.4802304e-02		-4.4714410e-02		-1.3883272e-02
1.2040000e+01		-4.2366299e-02		-4.1727455e-02		-1.4261963e-02
1.2080000e+01		-3.9883083e-02		-3.8693747e-02		-1.4620038e-02
1.2120000e+01		-3.7356912e-02		-3.5618367e-02		-1.4956813e-02
1.2160000e+01		-3.4792074e-02		-3.2506425e-02		-1.5271639e-02
1.2200000e+01		-3.2192885e-02		-2.9363056e-02		-1.5563897e-02
1.2240000e+01		-2.9563676e-02		-2.6193411e-02		-1.5833002e-02
1.2280000e+01		-2.6908792e-02		-2.3002648e-02		-1.6078404e-02
1.2320000e+01		-2.4232584e-02		-1.9795924e-02		-1.6299589e-02
1.2360000e+01		-2.1539398e-02		-1.6578389e-02		-1.6496081e-02
1.2400000e+01		-1.8833577e-02		-1.3355175e-02		-1.6667438e-02
1.2440000e+01		-1.6119446e-02		-1.0131394e-02		-1.6813261e-02
1.2480000e+01		-1.3401309e-02		-6.9121209e-03		-1.6933187e-02
1.2520000e+01		-1.0683445e-02		-3.7023960e-03		-1.7026896e-02
1.2560000e+01		-7.9700963e-03		-5.0721109e-04		-1.7094108e-02
1.2600000e+01		-5.2654676e-03		2.6684958e-03		-1.7134585e-02
1.2640000e+01		-2.5737166e-03		5.8198478e-03		-1.7148130e-02
1.2680000e+01		1.0105084e-04		8.9420363e-03		-1.7134590e-02
1.2720000e+01		2.7547866e-03		1.2030328e-02		-1.7093856e-02
1.2760000e+01		5.3835061e-03		1.5080072e-02		-1.7025861e-02
1.2800000e+01		7.9832941e-03		1.8086705e-02		-1.6930583e-02
1.2840000e+01		1.0550310e-02		2.1045761e-02		-1.6808043e-02
1.2880000e+01		1.3080792e-02		2.3952873e-02		-1.6658307e-02
1.2920000e+01		1.5571066e-02		2.6803784e-02		-1.6481488e-02
1.2960000e+01		1.8017545e-02		2.9594348e-02		-1.6277739e-02
1.3000000e+01		2.0416739e-02		3.2320541e-02		-1.6047260e-02
1.3040000e+01		2.2765256e-02		3.4978462e-02		-1.5790296e-02
1.3080000e+01		2.5059807e-02		3.7564339e-02		-1.5507134e-02
1.3120000e+01		2.7297215e-02		4.0074537e-02		-1.5198106e-02
1.3160000e+01		2.9474412e-02		4.2505559e-02		-1.4863587e-02
1.3200000e+01		3.1588446e-02		4.4854054e-02		-1.4503997e-02
1.3240000e+01		3.3636486e-02		4.7116819e-02		-1.4119796e-02
1.3280000e+01		3.5615825e-02		4.9290803e-02		-1.3711486e-02
1.3320000e+01		3.7523879e-02		5.1373112e-02		-1.3279613e-02
1.3360000e+01		3.9358197e-02		5.3361012e-02		-1.2824762e-02
1.3400000e+01		4.1116458e-02		5.5251932e-02		-1.2347557e-02
1.3440000e+01		4.2796478e-02		5.7043469e-02		-1.1848662e-02
1.3480000e+01		4.4396209e-02		5.8733387e-02		-1.1328780e-02
1.3520000e+01		4.5913741e-02		6.0319622e-02		-1.0788649e-02
1.3560000e+01		4.7347307e-02		6.1800286e-02		-1.0229046e-02
1.3600000e+01		4.8695284e-02		6.3173663e-02		-9.6507798e-03
1.3640000e+01		4.9956190e-02		6.4438217e-02		-9.0546950e-03
1.3680000e+01		5.1128692e-02		6.5592590e-02		-8.4416681e-03
1.3720000e+01		5.2211603e-02		6.6635604e-02		-7.8126070e-03
1.3760000e+01		5.3203882e-02		6.7566261e-02		-7.1684495e-03
1.3800000e+01		5.4104637e-02		6.8383744e-02		-6.5101618e-03
1.3840000e+01		5.4913124e-02		6.9087419e-02		-5.8387372e-03
1.3880000e+01		5.5628748e-02		6.9676832e-02		-5.1551945e-03
1.3920000e+01		5.6251063e-02		7.0151709e-02		-4.4605766e-03
1.3960000e+01		5.6779768e-02		7.0511959e-02		-3.7559485e-03
1.4000000e+01		5.7214711e-02		7.0757668e-02		-3.0423962e-03
1.4040000e+01		5.7555889e-02		7.0889103e-02		-2.3210245e-03
1.4080000e+01		5.7803441e-02		7.0906706e-02		-1.5929555e-03
1.4120000e+01		5.7957651e-02		7.0811094e-02		-8.5932692e-04
1.4160000e+01		5.8018946e-02		7.0603061e-02		-1.2129027e-04
1.4200000e+01		5.7987897e-02		7.0283567e-02		6.1999115e-04
1.4240000e+01		5.7865209e-02		6.9853746e-02		1.3633439e-03
1.4280000e+01		5.7651729e-02		6.9314894e-02		2.1075865e-03
1.4320000e+01		5.7348437e-02		6.8668474e-02		2.8515310e-03
1.4360000e+01		5.6956446e-02		6.7916106e-02		3.5939852e-03
1.4400000e+01		5.6476997e-02		6.7059568e-02		4.3337544e-03
1.4440000e+01		5.5911462e-02		6.6100792e-02		5.0696433e-03
1.4480000e+01		5.5261335e-02		6.5041857e-02		5.8004584e-03
1.4520000e+01		5.4528230e-02		6.3884991e-02		6.5250092e-03
1.4560000e+01		5.3713880e-02		6.2632560e-02		7.2421107e-03
1.4600000e+01		5.2820133e-02		6.1287067e-02		7.9505852e-03
1.4640000e+01		5.1848947e-02		5.9851148e-02		8.6492645e-03
1.4680000e+01		5.0802385e-02		5.8327566e-02		9.3369911e-03
1.4720000e+01		4.9682616e-02		5.6719206e-02		1.0012621e-02
1.4760000e+01		4.8491905e-02		5.5029071e-02		1.0675025e-02
1.4800000e+01		4.7232615e-02		5.3260275e-02		1.1323092e-02
1.4840000e+01		4.5907196e-02		5.1416039e-02		1.1955727e-02
1.4880000e+01		4.4518188e-02		4.9499684e-02		1.2571859e-02
1.4920000e+01		4.3068208e-02		4.7514628e-02		1.3170437e-02
1.4960000e+01		4.1559953e-02		4.5464378e-02		1.3750436e-02
1.5000000e+01		3.9996193e-02		4.3352523e-02		1.4310855e-02
1.5040000e+01		3.8379764e-02		4.1182730e-02		1.4850723e-02
1.5080000e+01		3.6713563e-02		3.8958740e-02		1.5369097e-02
1.5120000e+01		3.5000550e-02		3.6684356e-02		1.5865066e-02
1.5160000e+01		3.3243733e-02		3.4363442e-02		1.6337751e-02
1.5200000e+01		3.1446170e-02		3.1999914e-02		1.6786309e-02
1.5240000e+01		2.9610961e-02		2.9597734e-02		1.7209929e-02
1.5280000e+01		2.7741247e-02		2.7160904e-02		1.7607842e-02
1.5320000e+01		2.5840197e-02		2.4693462e-02		1.7979314e-02
1.5360000e+01		2.3911010e-02		2.2199469e-02		1.8323653e-02
1.5400000e+01		2.1956909e-02		1.9683010e-02		1.8640206e-02
1.5440000e+01		1.9981130e-02		1.7148183e-02		1.8928365e-02
1.5480000e+01		1.7986927e-02		1.4599093e-02		1.9187564e-02
1.5520000e+01		1.5977556e-02		1.2039847e-02		1.9417283e-02
1.5560000e+01		1.3956277e-02		9.4745477e-03		1.9617045e-02
1.5600000e+01		1.1926349e-02		6.9072854e-03		1.9786422e-02
1.5640000e+01		9.8910197e-03		4.3421330e-03		1.9925034e-02
1.5680000e+01		7.8535257e-03		1.7831393e-03		2.0032547e-02
1.5720000e+01		5.8170851e-03		-7.6567693e-04		2.0108676e-02
1.5760000e+01		3.7848937e-03		-3.3003332e-03		2.0153189e-02
1.5800000e+01		1.7601193e-03		-5.8168893e-03		2.0165899e-02
1.5840000e+01		-2.5410234e-04		-8.3114532e-03		2.0146675e-02
1.5880000e+01		-2.2546724e-03		-1.0780187e-02		2.0095432e-02
1.5920000e+01		-4.2385337e-03		-1.3219312e-02		2.0012140e-02
1.5960000e+01		-6.2026748e-03		-1.5625117e-02		1.9896819e-02
1.6000000e+01		-8.1441348e-03		-1.7993957e-02		1.9749540e-02
1.6040000e+01		-1.0060007e-02		-2.0322269e-02		1.9570429e-02
1.6080000e+01		-1.1947444e-02		-2.2606566e-02		1.9359659e-02
1.6120000e+01		-1.3803660e-02		-2.4843451e-02		1.9117458e-02
1.6160000e+01		-1.5625938e-02		-2.7029616e-02		1.8844105e-02
1.6200000e+01		-1.7411629e-02		-2.9161851e-02		1.8539929e-02
1.6240000e+01		-1.9158160e-02		-3.1237044e-02		1.8205310e-02
1.6280000e+01		-2.0863035e-02		-3.3252190e-02		1.7840680e-02
1.6320000e+01		-2.2523839e-02		-3.5204392e-02		1.7446518e-02
1.6360000e+01		-2.4138240e-02		-3.7090865e-02		1.7023356e-02
1.6400000e+01		-2.5703996e-02		-3.8908944e-02		1.6571770e-02
1.6440000e+01		-2.7218953e-02		-4.0656081e-02		1.6092388e-02
1.6480000e+01		-2.8681051e-02		-4.2329853e-02		1.5585881e-02
1.6520000e+01		-3.0088325e-02		-4.3927966e-02		1.5052970e-02
1.6560000e+01		-3.1438910e-02		-4.5448252e-02		1.4494417e-02
1.6600000e+01		-3.2731039e-02		-4.6888679e-02		1.3911030e-02
1.6640000e+01		-3.3963048e-02		-4.8247350e-02		1.3303659e-02
1.6680000e+01		-3.5133379e-02		-4.9522504e-02		1.2673197e-02
1.6720000e+01		-3.6240578e-02		-5.0712521e-02		1.2020574e-02
1.6760000e+01		-3.7283301e-02		-5.1815922e-02		1.1346762e-02
1.6800000e+01		-3.8260311e-02		-5.2831371e-02		1.0652767e-02
1.6840000e+01		-3.9170483e-02		-5.3757678e-02		9.9396344e-03
1.6880000e+01		-4.0012804e-02		-5.4593799e-02		9.2084408e-03
1.6920000e+01		-4.0786371e-02		-5.5338834e-02		8.4602967e-03
1.6960000e+01		-4.1490397e-02		-5.5992033e-02		7.6963431e-03
1.7000000e+01		-4.2124207e-02		-5.6552794e-02		6.9177502e-03
1.7040000e+01		-4.2687239e-02		-5.7020662e-02		6.1257156e-03
1.7080000e+01		-4.3179049e-02		-5.7395331e-02		5.3214620e-03
1.7120000e+01		-4.3599303e-02		-5.7676644e-02		4.5062359e-03
1.7160000e+01		-4.3947784e-02		-5.7864590e-02		3.6813054e-03
1.7200000e+01		-4.4224386e-02		-5.7959306e-02		2.8479580e-03
1.7240000e+01		-4.4429118e-02		-5.7961075e-02		2.0074990e-03
1.7280000e+01		-4.4562101e-02		-5.7870326e-02		1.1612490e-03
1.7320000e+01		-4.4623568e-02		-5.7687629e-02		3.1054215e-04
1.7360000e+01		-4.4613861e-02		-5.7413699e-02		-5.4327611e-04
1.7400000e+01		-4.4533433e-02		-5.7049390e-02		-1.3988512e-03
1.7440000e+01		-4.4382845e-02		-5.6595694e-02		-2.2548216e-03
1.7480000e+01		-4.4162762e-02		-5.6053741e-02		-3.1098208e-03
1.7520000e+01		-4.3873956e-02		-5.5424793e-02		-3.9624799e-03
1.7560000e+01		-4.3517302e-02		-5.4710245e-02		-4.8114296e-03
1.7600000e+01		-4.3093776e-02		-5.3911619e-02		-5.6553022e-03
1.7640000e+01		-4.2604450e-02		-5.3030564e-02		-6.4927341e-03
1.7680000e+01		-4.2050497e-02		-5.2068849e-02		-7.3223681e-03
1.7720000e+01		-4.1433180e-02		-5.1028365e-02		-8.1428554e-03
1.7760000e+01		-4.0753857e-02		-4.9911118e-02		-8.9528579e-03
1.7800000e+01		-4.0013973e-02		-4.8719224e-02		-9.7510501e-03
1.7840000e+01		-3.9215060e-02		-4.7454909e-02		-1.0536122e-02
1.7880000e+01		-3.8358733e-02		-4.6120503e-02		-1.1306780e-02
1.7920000e+01		-3.7446687e-02		-4.4718436e-02		-1.2061752e-02
1.7960000e+01		-3.6480695e-02		-4.3251234e-02		-1.2799784e-02
1.8000000e+01		-3.5462603e-02		-4.1721514e-02		-1.3519649e-02
1.8040000e+01		-3.4394329e-02		-4.0131980e-02		-1.4220142e-02
1.8080000e+01		-3.3277857e-02		-3.8485418e-02		-1.4900090e-02
1.8120000e+01		-3.2115236e-02		-3.6784694e-02		-1.5558345e-02
1.8160000e+01		-3.0908574e-02		-3.5032744e-02		-1.6193795e-02
1.8200000e+01		-2.9660036e-02		-3.3232573e-02		-1.6805358e-02
1.8240000e+01		-2.8371840e-02		-3.1387249e-02		-1.7391989e-02
1.8280000e+01		-2.7046252e-02		-2.9499897e-02		-1.7952679e-02
1.8320000e+01		-2.5685587e-02		-2.7573697e-02		-1.8486459e-02
1.8360000e+01		-2.4292196e-02		-2.5611875e-02		-1.8992400e-02
1.8400000e+01		-2.2868472e-02		-2.3617697e-02		-1.9469615e-02
1.8440000e+01		-2.1416840e-02		-2.1594469e-02		-1.9917261e-02
1.8480000e+01		-1.9939753e-02		-1.9545529e-02		-2.0334539e-02
1.8520000e+01		-1.8439692e-02		-1.7474238e-02		-2.0720698e-02
1.8560000e+01		-1.6919158e-02		-1.5383980e-02		-2.1075035e-02
1.8600000e+01		-1.5380672e-02		-1.3278154e-02		-2.1396894e-02
1.8640000e+01		-1.3826764e-02		-1.1160169e-02		-2.1685672e-02
1.8680000e+01		-1.2259978e-02		-9.0334398e-03		-2.1940816e-02
1.8720000e+01		-1.0682862e-02		-6.9013781e-03		-2.2161826e-02
1.8760000e+01		-9.0979639e-03		-4.7673912e-03		-2.2348255e-02
1.8800000e+01		-7.5078310e-03		-2.6348745e-03		-2.2499711e-02
1.8840000e+01		-5.9150034e-03		-5.0720680e-04		-2.2615856e-02
1.8880000e+01		-4.3220110e-03		1.6122551e-03		-2.2696409e-02
1.8920000e+01		-2.7313691e-03		3.7201814e-03		-2.2741145e-02
1.8960000e+01		-1.1455752e-03		5.8132745e-03		-2.2749896e-02
1.9000000e+01		4.3289525e-04		7.8882742e-03		-2.2722551e-02
1.9040000e+01		2.0015926e-03		9.9419624e-03		-2.2659057e-02
1.9080000e+01		3.5580962e-03		1.1971168e-02		-2.2559419e-02
1.9120000e+01		5.1000189e-03		1.3972772e-02		-2.2423699e-02
1.9160000e+01		6.6250094e-03		1.5943712e-02		-2.2252018e-02
1.9200000e+01		8.1307569e-03		1.7880986e-02		-2.2044556e-02
1.9240000e+01		9.6149936e-03		1.9781659e-02		-2.1801549e-02
1.9280000e+01		1.1075499e-02		2.1642864e-02		-2.1523291e-02
1.9320000e+01		1.2510101e-02		2.3461810e-02		-2.1210136e-02
1.9360000e+01		1.3916682e-02		2.5235783e-02		-2.0862492e-02
1.9400000e+01		1.5293179e-02		2.6962153e-02		-2.0480823e-02
1.9440000e+01		1.6637590e-02		2.8638373e-02		-2.0065652e-02
1.9480000e+01		1.7947973e-02		3.0261988e-02		-1.9617554e-02
1.9520000e+01		1.9222450e-02		3.1830635e-02		-1.9137161e-02
1.9560000e+01		2.0459211e-02		3.3342049e-02		-1.8625156e-02
1.9600000e+01		2.1656515e-02		3.4794062e-02		-1.8082276e-02
1.9640000e+01		2.2812693e-02		3.6184611e-02		-1.7509309e-02
1.9680000e+01		2.3926150e-02		3.7511738e-02		-1.6907093e-02
1.9720000e+01		2.4995367e-02		3.8773591e-02		-1.6276516e-02
1.9760000e+01		2.6018902e-02		3.9968432e-02		-1.5618512e-02
1.9800000e+01		2.6995394e-02		4.1094633e-02		-1.4934064e-02
1.9840000e+01		2.7923562e-02		4.2150683e-02		-1.4224198e-02
1.9880000e+01		2.8802212e-02		4.3135187e-02		-1.3489983e-02
1.9920000e+01		2.9630229e-02		4.4046869e-02		-1.2732531e-02
1.9960000e+01		3.0406587e-02		4.4884572e-02		-1.1952993e-02
2.0000000e+01		3.1130347e-02		4.5647263e-02		-1.1152560e-02
2.0040000e+01		3.1800657e-02		4.6334028e-02		-1.0332457e-02
2.0080000e+01		3.2416754e-02		4.6944081e-02		-9.4939452e-03
2.0120000e+01		3.2977963e-02		4.7476756e-02		-8.6383185e-03
2.0160000e+01		3.3483702e-02		4.7931516e-02		-7.7669009e-03
2.0200000e+01		3.3933476e-02		4.8307946e-02		-6.8810448e-03
2.0240000e+01		3.4326884e-02		4.8605759e-02		-5.9821293e-03
2.0280000e+01		3.4663614e-02		4.8824792e-02		-5.0715579e-03
2.0320000e+01		3.4943445e-02		4.8965007e-02		-4.1507559e-03
2.0360000e+01		3.5166246e-02		4.9026491e-02		-3.2211687e-03
2.0400000e+01		3.5331978e-02		4.9009456e-02		-2.2842591e-03
2.0440000e+01		3.5440691e-02		4.8914236e-02		-1.3415050e-03
2.0480000e+01		3.5492524e-02		4.8741289e-02		-3.9439746e-04
2.0520000e+01		3.5487706e-02		4.8491192e-02		5.5556208e-04
2.0560000e+01		3.5426554e-02		4.8164644e-02		1.5068641e-03
2.0600000e+01		3.5309469e-02		4.7762461e-02		2.4579932e-03
2.0640000e+01		3.5136942e-02		4.7285575e-02		3.4074310e-03
2.0680000e+01		3.4909545e-02		4.6735033e-02		4.3536581e-03
2.0720000e+01		3.4627936e-02		4.6111995e-02		5.2951567e-03
2.0760000e+01		3.4292852e-02		4.5417730e-02		6.2304130e-03
2.0800000e+01		3.3905112e-02		4.4653617e-02		7.1579199e-03
2.0840000e+01		3.3465614e-02		4.3821138e-02		8.0761792e-03
2.0880000e+01		3.2975332e-02		4.2921878e-02		8.9837039e-03
2.0920000e+01		3.2435313e-02		4.1957523e-02		9.8790211e-03
2.0960000e+01		3.1846678e-02		4.0929854e-02		1.0760674e-02
2.1000000e+01		3.1210620e-02		3.9840745e-02		1.1627224e-02
2.1040000e+01		3.0528399e-02		3.8692161e-02		1.2477254e-02
2.1080000e+01		2.9801340e-02		3.7486155e-02		1.3309370e-02
2.1120000e+01		2.9030832e-02		3.6224861e-02		1.4122204e-02
2.1160000e+01		2.8218326e-02		3.4910493e-02		1.4914415e-02
2.1200000e+01		2.7365331e-02		3.3545341e-02		1.5684693e-02
2.1240000e+01		2.6473411e-02		3.2131766e-02		1.6431758e-02
2.1280000e+01		2.5544184e-02		3.0672198e-02		1.7154368e-02
2.1320000e+01		2.4579317e-02		2.9169130e-02		1.7851315e-02
2.1360000e+01		2.3580526e-02		2.7625115e-02		1.8521430e-02
2.1400000e+01		2.2549570e-02		2.6042760e-02		1.9163584e-02
2.1440000e+01		2.1488249e-02		2.4424724e-02		1.9776692e-02
2.1480000e+01		2.0398403e-02		2.2773712e-02		2.0359710e-02
2.1520000e+01		1.9281906e-02		2.1092473e-02		2.0911644e-02
2.1560000e+01		1.8140664e-02		1.9383791e-02		2.1431544e-02
2.1600000e+01		1.6976614e-02		1.7650486e-02		2.1918512e-02
2.1640000e+01		1.5791715e-02		1.5895403e-02		2.2371699e-02
2.1680000e+01		1.4587953e-02		1.4121414e-02		2.2790310e-02
2.1720000e+01		1.3367330e-02		1.2331410e-02		2.3173602e-02
2.1760000e+01		1.2131865e-02		1.0528295e-02		2.3520888e-02
2.1800000e+01		1.0883591e-02		8.7149851e-03		2.3831537e-02
2.1840000e+01		9.6245491e-03		6.8944007e-03		2.4104975e-02
2.1880000e+01		8.3567877e-03		5.0694635e-03		2.4340688e-02
2.1920000e+01		7.0823579e-03		3.2430914e-03		2.4538219e-02
2.1960000e+01		5.8033107e-03		1.4181939e-03		2.4697173e-02
2.2000000e+01		4.5216940e-03		-4.0233224e-04		2.4817216e-02
2.2040000e+01		3.2395488e-03		-2.2156078e-03		2.4898074e-02
2.2080000e+01		1.9589066e-03		-4.0187755e-03		2.4939537e-02
2.2120000e+01		6.8178608e-04		-5.8090043e-03		2.4941456e-02
2.2160000e+01		-5.8981011e-04		-7.5834937e-03		2.4903748e-02
2.2200000e+01		-1.8538983e-03		-9.3394784e-03		2.4826389e-02
2.2240000e+01		-3.1085169e-03		-1.1074232e-02		2.4709423e-02
2.2280000e+01		-4.3517293e-03		-1.2785073e-02		2.4552954e-02
2.2320000e+01		-5.5816266e-03		-1.4469364e-02		2.4357152e-02
2.2360000e+01		-6.7963311e-03		-1.6124524e-02		2.4122248e-02
2.2400000e+01		-7.9939982e-03		-1.7748022e-02		2.3848539e-02
2.2440000e+01		-9.1728197e-03		-1.9337389e-02		2.3536382e-02
2.2480000e+01		-1.0331027e-02		-2.0890220e-02		2.3186198e-02
2.2520000e+01		-1.1466891e-02		-2.2404174e-02		2.2798469e-02
2.2560000e+01		-1.2578730e-02		-2.3876982e-02		2.2373739e-02
2.2600000e+01		-1.3664905e-02		-2.5306445e-02		2.1912611e-02
2.2640000e+01		-1.4723828e-02		-2.6690444e-02		2.1415748e-02
2.2680000e+01		-1.5753962e-02		-2.8026937e-02		2.0883874e-02
2.2720000e+01		-1.6753823e-02		-2.9313966e-02		2.0317766e-02
2.2760000e+01		-1.7721981e-02		-3.0549658e-02		1.9718260e-02
2.2800000e+01		-1.8657065e-02		-3.1732226e-02		1.9086248e-02
2.2840000e+01		-1.9557762e-02		-3.2859977e-02		1.8422674e-02
2.2880000e+01		-2.0422821e-02		-3.3931307e-02		1.7728535e-02
2.2920000e+01		-2.1251050e-02		-3.4944710e-02		1.7004880e-02
2.2960000e+01		-2.2041327e-02		-3.5898775e-02		1.6252805e-02
2.3000000e+01		-2.2792590e-02		-3.6792191e-02		1.5473456e-02
2.3040000e+01		-2.3503846e-02		-3.7623748e-02		1.4668023e-02
2.3080000e+01		-2.4174171e-02		-3.8392337e-02		1.3837741e-02
2.3120000e+01		-2.4802710e-02		-3.9096953e-02		1.2983888e-02
2.3160000e+01		-2.5388676e-02		-3.9736696e-02		1.2107780e-02
2.3200000e+01		-2.5931355e-02		-4.0310772e-02		1.1210774e-02
2.3240000e+01		-2.6430105e-02		-4.0818495e-02		1.0294260e-02
2.3280000e+01		-2.6884355e-02		-4.1259284e-02		9.3596640e-03
2.3320000e+01		-2.7293609e-02		-4.1632669e-02		8.4084430e-03
2.3360000e+01		-2.7657442e-02		-4.1938285e-02		7.4420833e-03
2.3400000e+01		-2.7975506e-02		-4.2175879e-02		6.4620983e-03
2.3440000e+01		-2.8247523e-02		-4.2345304e-02		5.4700261e-03
2.3480000e+01		-2.8473294e-02		-4.2446524e-02		4.4674270e-03
2.3520000e+01		-2.8652688e-02		-4.2479611e-02		3.4558809e-03
2.3560000e+01		-2.8785653e-02		-4.2444741e-02		2.4369851e-03
2.3600000e+01		-2.8872207e-02		-4.2342203e-02		1.4123516e-03
2.3640000e+01		-2.8912444e-02		-4.2172388e-02		3.8360460e-04
2.3680000e+01		-2.8906528e-02		-4.1935793e-02		-6.4762225e-04
2.3720000e+01		-2.8854697e-02		-4.1633022e-02		-1.6796883e-03
2.3760000e+01		-2.8757259e-02		-4.1264778e-02		-2.7109485e-03
2.3800000e+01		-2.8614593e-02		-4.0831867e-02		-3.7397562e-03
2.3840000e+01		-2.8427148e-02		-4.0335197e-02		-4.7644656e-03
2.3880000e+01		-2.8195441e-02		-3.9775772e-02		-5.7834347e-03
2.3920000e+01		-2.7920056e-02		-3.9154690e-02		-6.7950274e-03
2.3960000e+01		-2.7601643e-02		-3.8473148e-02		-7.7976167e-03
2.4000000e+01		-2.7240918e-02		-3.7732432e-02		-8.7895872e-03
2.4040000e+01		-2.6838658e-02		-3.6933917e-02		-9.7693374e-03
2.4080000e+01		-2.6395705e-02		-3.6079066e-02		-1.0735283e-02
2.4120000e+01		-2.5912958e-02		-3.5169428e-02		-1.1685857e-02
2.4160000e+01		-2.5391376e-02		-3.4206632e-02		-1.2619518e-02
2.4200000e+01		-2.4831974e-02		-3.3192385e-02		-1.3534746e-02
2.4240000e+01		-2.4235824e-02		-3.2128473e-02		-1.4430049e-02
2.4280000e+01		-2.3604047e-02		-3.1016752e-02		-1.5303962e-02
2.4320000e+01		-2.2937818e-02		-2.9859150e-02		-1.6155057e-02
2.4360000e+01		-2.2238360e-02		-2.8657659e-02		-1.6981934e-02
2.4400000e+01		-2.1506941e-02		-2.7414337e-02		-1.7783232e-02
2.4440000e+01		-2.0744874e-02		-2.6131299e-02		-1.8557631e-02
2.4480000e+01		-1.9953516e-02		-2.4810718e-02		-1.9303847e-02
2.4520000e+01		-1.9134262e-02		-2.3454818e-02		-2.0020643e-02
2.4560000e+01		-1.8288544e-02		-2.2065874e-02		-2.0706824e-02
2.4600000e+01		-1.7417829e-02		-2.0646203e-02		-2.1361244e-02
2.4640000e+01		-1.6523618e-02		-1.9198165e-02		-2.1982805e-02
2.4680000e+01		-1.5607441e-02		-1.7724158e-02		-2.2570461e-02
2.4720000e+01		-1.4670854e-02		-1.6226613e-02		-2.3123215e-02
2.4760000e+01		-1.3715440e-02		-1.4707988e-02		-2.3640129e-02
2.4800000e+01		-1.2742803e-02		-1.3170771e-02		-2.4120317e-02
2.4840000e+01		-1.1754566e-02		-1.1617468e-02		-2.4562952e-02
2.4880000e+01		-1.0752371e-02		-1.0050604e-02		-2.4967265e-02
2.4920000e+01		-9.7378713e-03		-8.4727175e-03		-2.5332549e-02
2.4960000e+01		-8.7127341e-03		-6.8863551e-03		-2.5658155e-02
2.5000000e+01		-7.6786346e-03		-5.2940700e-03		-2.5943499e-02
2.5040000e+01		-6.6372542e-03		-3.6984162e-03		-2.6188059e-02
2.5080000e+01		-5.5902780e-03		-2.1019450e-03		-2.6391380e-02
2.5120000e+01		-4.5393917e-03		-5.0720080e-04		-2.6553068e-02
2.5160000e+01		-3.4862794e-03		1.0832828e-03		-2.6672799e-02
2.5200000e+01		-2.4326207e-03		2.6669870e-03		-2.6750313e-02
2.5240000e+01		-1.3800882e-03		4.2414117e-03		-2.6785418e-02
2.5280000e+01		-3.3034471e-04		5.8040794e-03		-2.6777991e-02
2.5320000e+01		7.1495918e-04		7.3525391e-03		-2.6727973e-02
2.5360000e+01		1.7541876e-03		8.8843702e-03		-2.6635378e-02
2.5400000e+01		2.7857221e-03		1.0397186e-02		-2.6500285e-02
2.5440000e+01		3.8079638e-03		1.1888637e-02		-2.6322842e-02
2.5480000e+01		4.8193363e-03		1.3356416e-02		-2.6103264e-02
2.5520000e+01		5.8182874e-03		1.4798260e-02		-2.5841835e-02
2.5560000e+01		6.8032922e-03		1.6211954e-02		-2.5538906e-02
2.5600000e+01		7.7728546e-03		1.7595336e-02		-2.5194896e-02
2.5640000e+01		8.7255102e-03		1.8946296e-02		-2.4810288e-02
2.5680000e+01		9.6598280e-03		2.0262784e-02		-2.4385633e-02
2.5720000e+01		1.0574413e-02		2.1542812e-02		-2.3921545e-02
2.5760000e+01		1.1467907e-02		2.2784455e-02		-2.3418704e-02
2.5800000e+01		1.2338992e-02		2.3985854e-02		-2.2877853e-02
2.5840000e+01		1.3186392e-02		2.5145220e-02		-2.2299794e-02
2.5880000e+01		1.4008874e-02		2.6260838e-02		-2.1685393e-02
2.5920000e+01		1.4805250e-02		2.7331065e-02		-2.1035574e-02
2.5960000e+01		1.5574379e-02		2.8354338e-02		-2.0351320e-02
2.6000000e+01		1.6315167e-02		2.9329171e-02		-1.9633669e-02
2.6040000e+01		1.7026573e-02		3.0254161e-02		-1.8883717e-02
2.6080000e+01		1.7707604e-02		3.1127988e-02		-1.8102609e-02
2.6120000e+01		1.8357322e-02		3.1949416e-02		-1.7291545e-02
2.6160000e+01		1.8974840e-02		3.2717299e-02		-1.6451774e-02
2.6200000e+01		1.9559329e-02		3.3430576e-02		-1.5584592e-02
2.6240000e+01		2.0110015e-02		3.4088278e-02		-1.4691342e-02
2.6280000e+01		2.0626181e-02		3.4689526e-02		-1.3773409e-02
2.6320000e+01		2.1107166e-02		3.5233536e-02		-1.2832220e-02
2.6360000e+01		2.1552370e-02		3.5719615e-02		-1.1869244e-02
2.6400000e+01		2.1961253e-02		3.6147163e-02		-1.0885982e-02
2.6440000e+01		2.2333332e-02		3.6515677e-02		-9.8839751e-03
2.6480000e+01		2.2668187e-02		3.6824749e-02		-8.8647926e-03
2.6520000e+01		2.2965457e-02		3.7074065e-02		-7.8300354e-03
2.6560000e+01		2.3224843e-02		3.7263410e-02		-6.7813312e-03
2.6600000e+01		2.3446107e-02		3.7392661e-02		-5.7203326e-03
2.6640000e+01		2.3629072e-02		3.7461793e-02		-4.6487139e-03
2.6680000e+01		2.3773624e-02		3.7470877e-02		-3.5681691e-03
2.6720000e+01		2.3879708e-02		3.7420078e-02		-2.4804089e-03
2.6760000e+01		2.3947332e-02		3.7309657e-02		-1.3871578e-03
2.6800000e+01		2.3976564e-02		3.7139967e-02		-2.9015169e-04
2.6840000e+01		2.3967531e-02		3.6911455e-02		8.0886502e-04
2.6880000e+01		2.3920423e-02		3.6624660e-02		1.9081423e-03
2.6920000e+01		2.3835486e-02		3.6280213e-02		3.0059273e-03
2.6960000e+01		2.3713028e-02		3.5878834e-02		4.1004668e-03
2.7000000e+01		2.3553412e-02		3.5421331e-02		5.1900107e-03
2.7040000e+01		2.3357060e-02		3.4908598e-02		6.2728141e-03
2.7080000e+01		2.3124449e-02		3.4341616e-02		7.3471406e-03
2.7120000e+01		2.2856114e-02		3.3721449e-02		8.4112650e-03
2.7160000e+01		2.2552639e-02		3.3049241e-02		9.4634758e-03
2.7200000e+01		2.2214666e-02		3.2326216e-02		1.0502078e-02
2.7240000e+01		2.1842886e-02		3.1553675e-02		1.1525397e-02
2.7280000e+01		2.1438040e-02		3.0732994e-02		1.2531780e-02
2.7320000e+01		2.1000921e-02		2.9865622e-02		1.3519597e-02
2.7360000e+01		2.0532365e-02		2.8953078e-02		1.4487249e-02
2.7400000e+01		2.0033259e-02		2.7996947e-02		1.5433164e-02
2.7440000e+01		1.9504529e-02		2.6998880e-02		1.6355805e-02
2.7480000e+01		1.8947149e-02		2.5960589e-02		1.7253668e-02
2.7520000e+01		1.8362130e-02		2.4883845e-02		1.8125287e-02
2.7560000e+01		1.7750524e-02		2.3770475e-02		1.8969239e-02
2.7600000e+01		1.7113420e-02		2.2622360e-02		1.9784138e-02
2.7640000e+01		1.6451943e-02		2.1441429e-02		2.0568648e-02
2.7680000e+01		1.5767251e-02		2.0229660e-02		2.1321476e-02
2.7720000e+01		1.5060533e-02		1.8989071e-02		2.2041379e-02
2.7760000e+01		1.4333009e-02		1.7721723e-02		2.2727167e-02
2.7800000e+01		1.3585926e-02		1.6429711e-02		2.3377700e-02
2.7840000e+01		1.2820555e-02		1.5115166e-02		2.3991894e-02
2.7880000e+01		1.2038193e-02		1.3780247e-02		2.4568722e-02
2.7920000e+01		1.1240155e-02		1.2427138e-02		2.5107216e-02
2.7960000e+01		1.0427778e-02		1.1058049e-02		2.5606466e-02
2.8000000e+01		9.6024139e-03		9.6752067e-03		2.6065627e-02
2.8040000e+01		8.7654295e-03		8.2808532e-03		2.6483913e-02
2.8080000e+01		7.9182043e-03		6.8772435e-03		2.6860604e-02
2.8120000e+01		7.0621278e-03		5.4666406e-03		2.7195048e-02
2.8160000e+01		6.1985973e-03		4.0513120e-03		2.7486655e-02
2.8200000e+01		5.3290159e-03		2.6335264e-03		2.7734907e-02
2.8240000e+01		4.4547900e-03		1.2155502e-03		2.7939352e-02
2.8280000e+01		3.5773272e-03		-2.0035670e-04		2.8099609e-02
2.8320000e+01		2.6980339e-03		-1.6119438e-03		2.8215366e-02
2.8360000e+01		1.8183135e-03		-3.0169738e-03		2.8286384e-02
2.8400000e+01		9.3956385e-04		-4.4132263e-03		2.8312491e-02
2.8440000e+01		6.3174993e-05		-5.7985009e-03		2.8293591e-02
2.8480000e+01		-8.0947270e-04		-7.1706209e-03		2.8229657e-02
2.8520000e+01		-1.6770109e-03		-8.5274368e-03		2.8120736e-02
2.8560000e+01		-2.5380852e-03		-9.8668290e-03		2.7966945e-02
2.8600000e+01		-3.3913574e-03		-1.1186712e-02		2.7768474e-02
2.8640000e+01		-4.2355077e-03		-1.2485037e-02		2.7525585e-02
2.8680000e+01		-5.0692361e-03		-1.3759794e-02		2.7238611e-02
2.8720000e+01		-5.8912649e-03		-1.5009019e-02		2.6907956e-02
2.8760000e+01		-6.7003407e-03		-1.6230791e-02		2.6534092e-02
2.8800000e+01		-7.4952358e-03		-1.7423240e-02		2.6117565e-02
2.8840000e+01		-8.2747503e-03		-1.8584546e-02		2.5658987e-02
2.8880000e+01		-9.0377139e-03		-1.9712944e-02		2.5159039e-02
2.8920000e+01		-9.7829876e-03		-2.0806729e-02		2.4618467e-02
2.8960000e+01		-1.0509465e-02		-2.1864252e-02		2.4038086e-02
2.9000000e+01		-1.1216075e-02		-2.2883927e-02		2.3418773e-02
2.9040000e+01		-1.1901782e-02		-2.3864235e-02		2.2761470e-02
2.9080000e+01		-1.2565588e-02		-2.4803720e-02		2.2067180e-02
2.9120000e+01		-1.3206534e-02		-2.5700998e-02		2.1336966e-02
2.9160000e+01		-1.3823702e-02		-2.6554755e-02		2.0571950e-02
2.9200000e+01		-1.4416214e-02		-2.7363749e-02		1.9773312e-02
2.9240000e+01		-1.4983237e-02		-2.8126814e-02		1.8942286e-02
2.9280000e+01		-1.5523979e-02		-2.8842858e-02		1.8080160e-02
2.9320000e+01		-1.6037697e-02		-2.9510869e-02		1.7188271e-02
2.9360000e+01		-1.6523690e-02		-3.0129913e-02		1.6268008e-02
2.9400000e+01		-1.6981306e-02		-3.0699136e-02		1.5320807e-02
2.9440000e+01		-1.7409941e-02		-3.1217768e-02		1.4348145e-02
2.9480000e+01		-1.7809039e-02		-3.1685118e-02		1.3351545e-02
2.9520000e+01		-1.8178092e-02		-3.2100581e-02		1.2332570e-02
2.9560000e+01		-1.8516644e-02		-3.2463634e-02		1.1292818e-02
2.9600000e+01		-1.8824287e-02		-3.2773842e-02		1.0233924e-02
2.9640000e+01		-1.9100665e-02		-3.3030853e-02		9.1575558e-03
2.9680000e+01		-1.9345474e-02		-3.3234399e-02		8.0654093e-03
2.9720000e+01		-1.9558458e-02		-3.3384301e-02		6.9592087e-03
2.9760000e+01		-1.9739416e-02		-3.3480464e-02		5.8407024e-03
2.9800000e+01		-1.9888196e-02		-3.3522879e-02		4.7116605e-03
2.9840000e+01		-2.0004700e-02		-3.3511623e-02		3.5738716e-03
2.9880000e+01		-2.0088879e-02		-3.3446858e-02		2.4291406e-03
2.9920000e+01		-2.0140738e-02		-3.3328829e-02		1.2792855e-03
2.9960000e+01		-2.0160331e-02		-3.3157868e-02		1.2613432e-04
3.0000000e+01		-2.0147764e-02		-3.2934387e-02		-1.0284776e-03
3.0040000e+01		-2.0103194e-02		-3.2658885e-02		-2.1827104e-03
3.0080000e+01		-2.0026825e-02		-3.2331937e-02		-3.3347230e-03
3.0120000e+01		-1.9918915e-02		-3.1954201e-02		-4.4826758e-03
3.0160000e+01		-1.9779768e-02		-3.1526416e-02		-5.6247337e-03
3.0200000e+01		-1.9609737e-02		-3.1049395e-02		-6.7590688e-03
3.0240000e+01		-1.9409222e-02		-3.0524030e-02		-7.8838640e-03
3.0280000e+01		-1.9178669e-02		-2.9951285e-02		-8.9973150e-03
3.0320000e+01		-1.8918572e-02		-2.9332199e-02		-1.0097634e-02
3.0360000e+01		-1.8629468e-02		-2.8667880e-02		-1.1183053e-02
3.0400000e+01		-1.8311938e-02		-2.7959508e-02		-1.2251823e-02
3.0440000e+01		-1.7966606e-02		-2.7208327e-02		-1.3302225e-02
3.0480000e+01		-1.7594136e-02		-2.6415647e-02		-1.4332561e-02
3.0520000e+01		-1.7195234e-02		-2.5582841e-02		-1.5341170e-02
3.0560000e+01		-1.6770644e-02		-2.4711342e-02		-1.6326418e-02
3.0600000e+01		-1.6321147e-02		-2.3802639e-02		-1.7286711e-02
3.0640000e+01		-1.5847563e-02		-2.2858280e-02		-1.8220490e-02
3.0680000e+01		-1.5350744e-02		-2.1879863e-02		-1.9126240e-02
3.0720000e+01		-1.4831574e-02		-2.0869036e-02		-2.0002487e-02
3.0760000e+01		-1.4290974e-02		-1.9827496e-02		-2.0847802e-02
3.0800000e+01		-1.3729889e-02		-1.8756982e-02		-2.1660805e-02
3.0840000e+01		-1.3149297e-02		-1.7659277e-02		-2.2440168e-02
3.0880000e+01		-1.2550200e-02		-1.6536201e-02		-2.3184613e-02
3.0920000e+01		-1.1933628e-02		-1.5389611e-02		-2.3892916e-02
3.0960000e+01		-1.1300632e-02		-1.4221395e-02		-2.4563912e-02
3.1000000e+01		-1.0652284e-02		-1.3033472e-02		-2.5196493e-02
3.1040000e+01		-9.9896798e-03		-1.1827787e-02		-2.5789610e-02
3.1080000e+01		-9.3139293e-03		-1.0606308e-02		-2.6342280e-02
3.1120000e+01		-8.6261604e-03		-9.3710230e-03		-2.6853578e-02
3.1160000e+01		-7.9275151e-03		-8.1239369e-03		-2.7322650e-02
3.1200000e+01		-7.2191480e-03		-6.8670686e-03		-2.7748704e-02
3.1240000e+01		-6.5022242e-03		-5.6024471e-03		-2.8131019e-02
3.1280000e+01		-5.7779176e-03		-4.3321087e-03		-2.8468941e-02
3.1320000e+01		-5.0474090e-03		-3.0580934e-03		-2.8761888e-02
3.1360000e+01		-4.3118841e-03		-1.7824422e-03		-2.9009349e-02
3.1400000e+01		-3.5725317e-03		-5.0719308e-04		-2.9210883e-02
3.1440000e+01		-2.8305419e-03		7.6562147e-04		-2.9366126e-02
3.1480000e+01		-2.0871038e-03		2.0339781e-03		-2.9474784e-02
3.1520000e+01		-1.3434041e-03		3.2958658e-03		-2.9536639e-02
3.1560000e+01		-6.0062518e-04		4.5492888e-03		-2.9551547e-02
3.1600000e+01		1.4005720e-04		5.7922699e-03		-2.9519439e-02
3.1640000e+01		8.7747523e-04		7.0228535e-03		-2.9440321e-02
3.1680000e+01		1.6104711e-03		8.2391087e-03		-2.9314274e-02
3.1720000e+01		2.3378987e-03		9.4391322e-03		-2.9141455e-02
3.1760000e+01		3.0586255e-03		1.0621051e-02		-2.8922095e-02
3.1800000e+01		3.7715343e-03		1.1783027e-02		-2.8656499e-02
3.1840000e+01		4.4755245e-03		1.2923257e-02		-2.8345047e-02
3.1880000e+01		5.1695146e-03		1.4039977e-02		-2.7988193e-02
3.1920000e+01		5.8524431e-03		1.5131465e-02		-2.7586464e-02
3.1960000e+01		6.5232702e-03		1.6196044e-02		-2.7140458e-02
3.2000000e+01		7.1809800e-03		1.7232084e-02		-2.6650845e-02
3.2040000e+01		7.8245810e-03		1.8238004e-02		-2.6118365e-02
3.2080000e+01		8.4531085e-03		1.9212274e-02		-2.5543828e-02
3.2120000e+01		9.0656253e-03		2.0153421e-02		-2.4928112e-02
3.2160000e+01		9.6612236e-03		2.1060026e-02		-2.4272161e-02
3.2200000e+01		1.0239026e-02		2.1930728e-02		-2.3576983e-02
3.2240000e+01		1.0798187e-02		2.2764230e-02		-2.2843652e-02
3.2280000e+01		1.1337894e-02		2.3559292e-02		-2.2073303e-02
3.2320000e+01		1.1857368e-02		2.4314743e-02		-2.1267129e-02
3.2360000e+01		1.2355867e-02		2.5029477e-02		-2.0426386e-02
3.2400000e+01		1.2832682e-02		2.5702453e-02		-1.9552381e-02
3.2440000e+01		1.3287145e-02		2.6332702e-02		-1.8646480e-02
3.2480000e+01		1.3718624e-02		2.6919324e-02		-1.7710099e-02
3.2520000e+01		1.4126526e-02		2.7461490e-02		-1.6744703e-02
3.2560000e+01		1.4510298e-02		2.7958446e-02		-1.5751806e-02
3.2600000e+01		1.4869428e-02		2.8409510e-02		-1.4732968e-02
3.2640000e+01		1.5203445e-02		2.8814074e-02		-1.3689790e-02
3.2680000e+01		1.5511918e-02		2.9171609e-02		-1.2623915e-02
3.2720000e+01		1.5794462e-02		2.9481658e-02		-1.1537022e-02
3.2760000e+01		1.6050730e-02		2.9743842e-02		-1.0430826e-02
3.2800000e+01		1.6280422e-02		2.9957862e-02		-9.3070751e-03
3.2840000e+01		1.6483279e-02		3.0123493e-02		-8.1675457e-03
3.2880000e+01		1.6659087e-02		3.0240588e-02		-7.0140415e-03
3.2920000e+01		1.6807675e-02		3.0309078e-02		-5.8483898e-03
3.2960000e+01		1.6928915e-02		3.0328973e-02		-4.6724392e-03
3.3000000e+01		1.7022725e-02		3.0300359e-02		-3.4880561e-03
3.3040000e+01		1.7089064e-02		3.0223399e-02		-2.2971223e-03
3.3080000e+01		1.7127939e-02		3.0098333e-02		-1.1015311e-03
3.3120000e+01		1.7139395e-02		2.9925475e-02		9.6814541e-05
3.3160000e+01		1.7123526e-02		2.9705218e-02		1.2960061e-03
3.3200000e+01		1.7080464e-02		2.9438027e-02		2.4941318e-03
3.3240000e+01		1.7010387e-02		2.9124442e-02		3.6892803e-03
3.3280000e+01		1.6913513e-02		2.8765073e-02		4.8795430e-03
3.3320000e+01		1.6790103e-02		2.8360604e-02		6.0630179e-03
3.3360000e+01		1.6640458e-02		2.7911789e-02		7.2378120e-03
3.3400000e+01		1.6464922e-02		2.7419449e-02		8.4020447e-03
3.3440000e+01		1.6263874e-02		2.6884475e-02		9.5538508e-03
3.3480000e+01		1.6037737e-02		2.6307820e-02		1.0691383e-02
3.3520000e+01		1.5786968e-02		2.5690505e-02		1.1812817e-02
3.3560000e+01		1.5512064e-02		2.5033612e-02		1.2916349e-02
3.3600000e+01		1.5213557e-02		2.4338281e-02		1.4000207e-02
3.3640000e+01		1.4892015e-02		2.3605715e-02		1.5062645e-02
3.3680000e+01		1.4548040e-02		2.2837169e-02		1.6101953e-02
3.3720000e+01		1.4182267e-02		2.2033956e-02		1.7116454e-02
3.3760000e+01		1.3795363e-02		2.1197437e-02		1.8104511e-02
3.3800000e+01		1.3388027e-02		2.0329028e-02		1.9064527e-02
3.3840000e+01		1.2960985e-02		1.9430188e-02		1.9994948e-02
3.3880000e+01		1.2514996e-02		1.8502423e-02		2.0894269e-02
3.3920000e+01		1.2050841e-02		1.7547281e-02		2.1761030e-02
3.3960000e+01		1.1569330e-02		1.6566350e-02		2.2593823e-02
3.4000000e+01		1.1071296e-02		1.5561255e-02		2.3391295e-02
3.4040000e+01		1.0557596e-02		1.4533658e-02		2.4152145e-02
3.4080000e+01		1.0029107e-02		1.3485249e-02		2.4875132e-02
3.4120000e+01		9.4867269e-03		1.2417750e-02		2.5559073e-02
3.4160000e+01		8.9313728e-03		1.1332909e-02		2.6202849e-02
3.4200000e+01		8.3639776e-03		1.0232496e-02		2.6805402e-02
3.4240000e+01		7.7854902e-03		9.1183038e-03		2.7365739e-02
3.4280000e+01		7.1968733e-03		7.9921413e-03		2.7882935e-02
3.4320000e+01		6.5991019e-03		6.8558331e-03		2.8356131e-02
3.4360000e+01		5.9931617e-03		5.7112154e-03		2.8784541e-02
3.4400000e+01		5.3800477e-03		4.5601336e-03		2.9167448e-02
3.4440000e+01		4.7607621e-03		3.4044388e-03		2.9504205e-02
3.4480000e+01		4.1363133e-03		2.2459853e-03		2.9794243e-02
3.4520000e+01		3.5077137e-03		1.0866277e-03		3.0037064e-02
3.4560000e+01		2.8759786e-03		-7.1782638e-05		3.0232246e-02
3.4600000e+01		2.2421240e-03		-1.2273998e-03		3.0379441e-02
3.4640000e+01		1.6071657e-03		-2.3783869e-03		3.0478380e-02
3.4680000e+01		9.7211698e-04		-3.5229183e-03		3.0528870e-02
3.4720000e+01		3.3798758e-04		-4.6591831e-03		3.0530795e-02
3.4760000e+01		-2.9421826e-04		-5.7853877e-03		3.0484117e-02
3.4800000e+01		-9.2350322e-04		-6.8997586e-03		3.0388874e-02
3.4840000e+01		-1.5488785e-03		-8.0005451e-03		3.0245184e-02
3.4880000e+01		-2.1693652e-03		-9.0860225e-03		3.0053240e-02
3.4920000e+01		-2.7839962e-03		-1.0154494e-02		2.9813314e-02
3.4960000e+01		-3.3918171e-03		-1.1204294e-02		2.9525754e-02
3.5000000e+01		-3.9918883e-03		-1.2233791e-02		2.9190986e-02
3.5040000e+01		-4.5832859e-03		-1.3241388e-02		2.8809509e-02
3.5080000e+01		-5.1651035e-03		-1.4225527e-02		2.8381899e-02
3.5120000e+01		-5.7364531e-03		-1.5184694e-02		2.7908804e-02
3.5160000e+01		-6.2964671e-03		-1.6117413e-02		2.7390949e-02
3.5200000e+01		-6.8442990e-03		-1.7022257e-02		2.6829127e-02
3.5240000e+01		-7.3791249e-03		-1.7897846e-02		2.6224203e-02
3.5280000e+01		-7.9001448e-03		-1.8742849e-02		2.5577112e-02
3.5320000e+01		-8.4065836e-03		-1.9555988e-02		2.4888858e-02
3.5360000e+01		-8.8976923e-03		-2.0336037e-02		2.4160509e-02
3.5400000e+01		-9.3727492e-03		-2.1081827e-02		2.3393199e-02
3.5440000e+01		-9.8310607e-03		-2.1792245e-02		2.2588125e-02
3.5480000e+01		-1.0271963e-02		-2.2466237e-02		2.1746546e-02
3.5520000e+01		-1.0694821e-02		-2.3102811e-02		2.0869778e-02
3.5560000e+01		-1.1099032e-02		-2.3701034e-02		1.9959196e-02
3.5600000e+01		-1.1484025e-02		-2.4260040e-02		1.9016230e-02
3.5640000e+01		-1.1849262e-02		-2.4779023e-02		1.8042361e-02
3.5680000e+01		-1.2194237e-02		-2.5257245e-02		1.7039123e-02
3.5720000e+01		-1.2518480e-02		-2.5694036e-02		1.6008094e-02
3.5760000e+01		-1.2821554e-02		-2.6088791e-02		1.4950901e-02
3.5800000e+01		-1.3103058e-02		-2.6440973e-02		1.3869213e-02
3.5840000e+01		-1.3362627e-02		-2.6750117e-02		1.2764738e-02
3.5880000e+01		-1.3599931e-02		-2.7015825e-02		1.1639223e-02
3.5920000e+01		-1.3814679e-02		-2.7237769e-02		1.0494449e-02
3.5960000e+01		-1.4006615e-02		-2.7415694e-02		9.3322287e-03
3.6000000e+01		-1.4175520e-02		-2.7549413e-02		8.1544045e-03
3.6040000e+01		-1.4321214e-02		-2.7638810e-02		6.9628445e-03
3.6080000e+01		-1.4443553e-02		-2.7683842e-02		5.7594400e-03
3.6120000e+01		-1.4542430e-02		-2.7684536e-02		4.5461026e-03
3.6160000e+01		-1.4617779e-02		-2.7640987e-02		3.3247608e-03
3.6200000e+01		-1.4669568e-02		-2.7553364e-02		2.0973572e-03
3.6240000e+01		-1.4697804e-02		-2.7421903e-02		8.6584532e-04
3.6280000e+01		-1.4702531e-02		-2.7246911e-02		-3.6781360e-04
3.6320000e+01		-1.4683832e-02		-2.7028764e-02		-1.6016536e-03
3.6360000e+01		-1.4641823e-02		-2.6767904e-02		-2.8337071e-03
3.6400000e+01		-1.4576661e-02		-2.6464841e-02		-4.0620084e-03
3.6440000e+01		-1.4488535e-02		-2.6120152e-02		-5.2845963e-03
3.6480000e+01		-1.4377674e-02		-2.5734478e-02		-6.4995177e-03
3.6520000e+01		-1.4244338e-02		-2.5308525e-02		-7.7048303e-03
3.6560000e+01		-1.4088824e-02		-2.4843059e-02		-8.8986062e-03
3.6600000e+01		-1.3911464e-02		-2.4338911e-02		-1.0078935e-02
3.6640000e+01		-1.3712621e-02		-2.3796969e-02		-1.1243925e-02
3.6680000e+01		-1.3492692e-02		-2.3218180e-02		-1.2391711e-02
3.6720000e+01		-1.3252107e-02		-2.2603549e-02		-1.3520451e-02
3.6760000e+01		-1.2991325e-02		-2.1954134e-02		-1.4628334e-02
3.6800000e+01		-1.2710837e-02		-2.1271047e-02		-1.5713580e-02
3.6840000e+01		-1.2411163e-02		-2.0555451e-02		-1.6774446e-02
3.6880000e+01		-1.2092851e-02		-1.9808558e-02		-1.7809225e-02
3.6920000e+01		-1.1756477e-02		-1.9031629e-02		-1.8816252e-02
3.6960000e+01		-1.1402643e-02		-1.8225968e-02		-1.9793905e-02
3.7000000e+01		-1.1031978e-02		-1.7392923e-02		-2.0740606e-02
3.7040000e+01		-1.0645134e-02		-1.6533882e-02		-2.1654830e-02
3.7080000e+01		-1.0242786e-02		-1.5650272e-02		-2.2535097e-02
3.7120000e+01		-9.8256320e-03		-1.4743556e-02		-2.3379986e-02
3.7160000e+01		-9.3943905e-03		-1.3815232e-02		-2.4188128e-02
3.7200000e+01		-8.9497999e-03		-1.2866826e-02		-2.4958214e-02
3.7240000e+01		-8.4926167e-03		-1.1899895e-02		-2.5688994e-02
3.7280000e+01		-8.0236148e-03		-1.0916023e-02		-2.6379280e-02
3.7320000e+01		-7.5435841e-03		-9.9168147e-03		-2.7027948e-02
3.7360000e+01		-7.0533287e-03		-8.9038985e-03		-2.7633940e-02
3.7400000e+01		-6.5536664e-03		-7.8789198e-03		-2.8196267e-02
3.7440000e+01		-6.0454265e-03		-6.8435402e-03		-2.8714005e-02
3.7480000e+01		-5.5294491e-03		-5.7994340e-03		-2.9186307e-02
3.7520000e+01		-5.0065834e-03		-4.7482861e-03		-2.9612391e-02
3.7560000e+01		-4.4776862e-03		-3.6917889e-03		-2.9991555e-02
3.7600000e+01		-3.9436212e-03		-2.6316398e-03		-3.0323167e-02
3.7640000e+01		-3.4052565e-03		-1.5695384e-03		-3.0606672e-02
3.7680000e+01		-2.8634642e-03		-5.0718364e-04		-3.0841592e-02
3.7720000e+01		-2.3191185e-03		5.5372847e-04		-3.1027525e-02
3.7760000e+01		-1.7730945e-03		1.6115080e-03		-3.1164150e-02
3.7800000e+01		-1.2262666e-03		2.6644735e-03		-3.1251221e-02
3.7840000e+01		-6.7950733e-04		3.7109547e-03		-3.1288572e-02
3.7880000e+01		-1.3368594e-04		4.7492954e-03		-3.1276118e-02
3.7920000e+01		4.1033310e-04		5.7778557e-03		-3.1213853e-02
3.7960000e+01		9.5169133e-04		6.7950147e-03		-3.1101847e-02
3.8000000e+01		1.4895377e-03		7.7991731e-03		-3.0940256e-02
3.8040000e+01		2.0230298e-03		8.7887559e-03		-3.0729308e-02
3.8080000e+01		2.5513354e-03		9.7622144e-03		-3.0469317e-02
3.8120000e+01		3.0736333e-03		1.0718029e-02		-3.0160669e-02
3.8160000e+01		3.5891151e-03		1.1654711e-02		-2.9803833e-02
3.8200000e+01		4.0969861e-03		1.2570806e-02		-2.9399352e-02
3.8240000e+01		4.5964666e-03		1.3464895e-02		-2.8947847e-02
3.8280000e+01		5.0867931e-03		1.4335596e-02		-2.8450014e-02
3.8320000e+01		5.5672194e-03		1.5181571e-02		-2.7906623e-02
3.8360000e+01		6.0370178e-03		1.6001518e-02		-2.7318518e-02
3.8400000e+01		6.4954800e-03		1.6794186e-02		-2.6686613e-02
3.8440000e+01		6.9419187e-03		1.7558364e-02		-2.6011895e-02
3.8480000e+01		7.3756676e-03		1.8292894e-02		-2.5295417e-02
3.8520000e+01		7.7960836e-03		1.8996663e-02		-2.4538302e-02
3.8560000e+01		8.2025466e-03		1.9668613e-02		-2.3741737e-02
3.8600000e+01		8.5944614e-03		2.0307738e-02		-2.2906973e-02
3.8640000e+01		8.9712576e-03		2.0913085e-02		-2.2035321e-02
3.8680000e+01		9.3323913e-03		2.1483758e-02		-2.1128154e-02
3.8720000e+01		9.6773453e-03		2.2018918e-02		-2.0186902e-02
3.8760000e+01		1.0005630e-02		2.2517785e-02		-1.9213048e-02
3.8800000e+01		1.0316784e-02		2.2979636e-02		-1.8208129e-02
3.8840000e+01		1.0610374e-02		2.3403811e-02		-1.7173735e-02
3.8880000e+01		1.0885999e-02		2.3789711e-02		-1.6111499e-02
3.8920000e+01		1.1143284e-02		2.4136798e-02		-1.5023103e-02
3.8960000e+01		1.1381887e-02		2.4444599e-02		-1.3910269e-02
3.9000000e+01		1.1601497e-02		2.4712702e-02		-1.2774762e-02
3.9040000e+01		1.1801833e-02		2.4940761e-02		-1.1618380e-02
3.9080000e+01		1.1982647e-02		2.5128495e-02		-1.0442959e-02
3.9120000e+01		1.2143722e-02		2.5275685e-02		-9.2503636e-03
3.9160000e+01		1.2284873e-02		2.5382180e-02		-8.0424880e-03
3.9200000e+01		1.2405947e-02		2.5447893e-02		-6.8212514e-03
3.9240000e+01		1.2506826e-02		2.5472803e-02		-5.5885950e-03
3.9280000e+01		1.2587421e-02		2.5456952e-02		-4.3464795e-03
3.9320000e+01		1.2647679e-02		2.5400449e-02		-3.0968813e-03
3.9360000e+01		1.2687575e-02		2.5303467e-02		-1.8417897e-03
3.9400000e+01		1.2707121e-02		2.5166243e-02		-5.8320392e-04
3.9440000e+01		1.2706360e-02		2.4989078e-02		6.7687067e-04
3.9480000e+01		1.2685364e-02		2.4772335e-02		1.9364252e-03
3.9520000e+01		1.2644242e-02		2.4516440e-02		3.1934509e-03
3.9560000e+01		1.2583130e-02		2.4221881e-02		4.4459419e-03
3.9600000e+01		1.2502198e-02		2.3889207e-02		5.6918989e-03
3.9640000e+01		1.2401647e-02		2.3519025e-02		6.9293320e-03
3.9680000e+01		1.2281706e-02		2.3112001e-02		8.1562642e-03
3.9720000e+01		1.2142636e-02		2.2668861e-02		9.3707342e-03
3.9760000e+01		1.1984727e-02		2.2190383e-02		1.0570800e-02
3.9800000e+01		1.1808298e-02		2.1677403e-02		1.1754541e-02
3.9840000e+01		1.1613697e-02		2.1130809e-02		1.2920064e-02
3.9880000e+01		1.1401297e-02		2.0551540e-02		1.4065501e-02
3.9920000e+01		1.1171501e-02		1.9940587e-02		1.5189017e-02
3.9960000e+01		1.0924736e-02		1.9298988e-02		1.6288812e-02
4.0000000e+01		1.0661456e-02		1.8627829e-02		0.0000000e+00
