0.0000000e+00		1.0000000e+00		0.0000000e+00
2.0000000e-02		9.9993334e-01		1.0662970e-09
4.0000000e-02		9.9973343e-01		8.5271513e-09
6.0000000e-02		9.9940039e-01		2.8764056e-08
8.0000000e-02		9.9893442e-01		6.8135053e-08
1.0000000e-01		9.9833578e-01		1.3296460e-07
1.2000000e-01		9.9760478e-01		2.2953351e-07
1.4000000e-01		9.9674180e-01		3.6406904e-07
1.6000000e-01		9.9574728e-01		5.4273507e-07
1.8000000e-01		9.9462174e-01		7.7162242e-07
2.0000000e-01		9.9336573e-01		1.0567394e-06
2.2000000e-01		9.9197989e-01		1.4040024e-06
2.4000000e-01		9.9046490e-01		1.8192268e-06
2.6000000e-01		9.8882151e-01		2.3081184e-06
2.8000000e-01		9.8705052e-01		2.8762642e-06
3.0000000e-01		9.8515281e-01		3.5291244e-06
3.2000000e-01		9.8312928e-01		4.2720244e-06
3.4000000e-01		9.8098091e-01		5.1101466e-06
3.6000000e-01		9.7870873e-01		6.0485233e-06
3.8000000e-01		9.7631384e-01		7.0920293e-06
4.0000000e-01		9.7379736e-01		8.2453750e-06
4.2000000e-01		9.7116048e-01		9.5131000e-06
4.4000000e-01		9.6840444e-01		1.0899567e-05
4.6000000e-01		9.6553054e-01		1.2408956e-05
4.8000000e-01		9.6254010e-01		1.4045260e-05
5.0000000e-01		9.5943450e-01		1.5812276e-05
5.2000000e-01		9.5621519e-01		1.7713605e-05
5.4000000e-01		9.5288361e-01		1.9752648e-05
5.6000000e-01		9.4944130e-01		2.1932596e-05
5.8000000e-01		9.4588980e-01		2.4256434e-05
6.0000000e-01		9.4223071e-01		2.6726934e-05
6.2000000e-01		9.3846565e-01		2.9346653e-05
6.4000000e-01		9.3459630e-01		3.2117930e-05
6.6000000e-01		9.3062436e-01		3.5042887e-05
6.8000000e-01		9.2655156e-01		3.8123425e-05
7.0000000e-01		9.2237968e-01		4.1361223e-05
7.2000000e-01		9.1811050e-01		4.4757739e-05
7.4000000e-01		9.1374585e-01		4.8314210e-05
7.6000000e-01		9.0928760e-01		5.2031649e-05
7.8000000e-01		9.0473760e-01		5.5910851e-05
8.0000000e-01		9.0009778e-01		5.9952387e-05
8.2000000e-01		8.9537004e-01		6.4156614e-05
8.4000000e-01		8.9055634e-01		6.8523666e-05
8.6000000e-01		8.8565864e-01		7.3053468e-05
8.8000000e-01		8.8067891e-01		7.7745728e-05
9.0000000e-01		8.7561916e-01		8.2599947e-05
9.2000000e-01		8.7048139e-01		8.7615416e-05
9.4000000e-01		8.6526762e-01		9.2791225e-05
9.6000000e-01		8.5997989e-01		9.8126264e-05
9.8000000e-01		8.5462024e-01		1.0361923e-04
1.0000000e+00		8.4919072e-01		1.0926861e-04
1.0200000e+00		8.4369338e-01		1.1507274e-04
1.0400000e+00		8.3813029e-01		1.2102973e-04
1.0600000e+00		8.3250350e-01		1.2713755e-04
1.0800000e+00		8.2681509e-01		1.3339397e-04
1.1000000e+00		8.2106712e-01		1.3979661e-04
1.1200000e+00		8.1526165e-01		1.4634292e-04
1.1400000e+00		8.0940075e-01		1.5303020e-04
1.1600000e+00		8.0348647e-01		1.5985559e-04
1.1800000e+00		7.9752087e-01		1.6681610e-04
1.2000000e+00		7.9150600e-01		1.7390858e-04
1.2200000e+00		7.8544389e-01		1.8112977e-04
1.2400000e+00		7.7933657e-01		1.8847627e-04
1.2600000e+00		7.7318607e-01		1.9594457e-04
1.2800000e+00		7.6699438e-01		2.0353104e-04
1.3000000e+00		7.6076352e-01		2.1123194e-04
1.3200000e+00		7.5449545e-01		2.1904345e-04
1.3400000e+00		7.4819215e-01		2.2696164e-04
1.3600000e+00		7.4185558e-01		2.3498248e-04
1.3800000e+00		7.3548765e-01		2.4310189e-04
1.4000000e+00		7.2909030e-01		2.5131570e-04
1.4200000e+00		7.2266542e-01		2.5961968e-04
1.4400000e+00		7.1621490e-01		2.6800952e-04
1.4600000e+00		7.0974058e-01		2.7648087e-04
1.4800000e+00		7.0324432e-01		2.8502935e-04
1.5000000e+00		6.9672792e-01		2.9365050e-04
1.5200000e+00		6.9019318e-01		3.0233986e-04
1.5400000e+00		6.8364188e-01		3.1109291e-04
1.5600000e+00		6.7707575e-01		3.1990513e-04
1.5800000e+00		6.7049653e-01		3.2877198e-04
1.6000000e+00		6.6390591e-01		3.3768889e-04
1.6200000e+00		6.5730556e-01		3.4665132e-04
1.6400000e+00		6.5069713e-01		3.5565469e-04
1.6600000e+00		6.4408223e-01		3.6469444e-04
1.6800000e+00		6.3746246e-01		3.7376604e-04
1.7000000e+00		6.3083939e-01		3.8286496e-04
1.7200000e+00		6.2421454e-01		3.9198668e-04
1.7400000e+00		6.1758943e-01		4.0112672e-04
1.7600000e+00		6.1096554e-01		4.1028064e-04
1.7800000e+00		6.0434432e-01		4.1944400e-04
1.8000000e+00		5.9772719e-01		4.2861245e-04
1.8200000e+00		5.9111554e-01		4.3778164e-04
1.8400000e+00		5.8451074e-01		4.4694728e-04
1.8600000e+00		5.7791412e-01		4.5610516e-04
1.8800000e+00		5.7132698e-01		4.6525108e-04
1.9000000e+00		5.6475061e-01		4.7438093e-04
1.9200000e+00		5.5818624e-01		4.8349065e-04
1.9400000e+00		5.5163509e-01		4.9257626e-04
1.9600000e+00		5.4509834e-01		5.0163383e-04
1.9800000e+00		5.3857715e-01		5.1065951e-04
2.0000000e+00		5.3207264e-01		5.1964954e-04
2.0200000e+00		5.2558591e-01		5.2860020e-04
2.0400000e+00		5.1911802e-01		5.3750789e-04
2.0600000e+00		5.1267001e-01		5.4636907e-04
2.0800000e+00		5.0624289e-01		5.5518028e-04
2.1000000e+00		4.9983763e-01		5.6393815e-04
2.1200000e+00		4.9345518e-01		5.7263942e-04
2.1400000e+00		4.8709645e-01		5.8128089e-04
2.1600000e+00		4.8076234e-01		5.8985945e-04
2.1800000e+00		4.7445372e-01		5.9837210e-04
2.2000000e+00		4.6817140e-01		6.0681592e-04
2.2200000e+00		4.6191620e-01		6.1518810e-04
2.2400000e+00		4.5568889e-01		6.2348590e-04
2.2600000e+00		4.4949022e-01		6.3170669e-04
2.2800000e+00		4.4332091e-01		6.3984794e-04
2.3000000e+00		4.3718166e-01		6.4790720e-04
2.3200000e+00		4.3107314e-01		6.5588214e-04
2.3400000e+00		4.2499598e-01		6.6377051e-04
2.3600000e+00		4.1895081e-01		6.7157015e-04
2.3800000e+00		4.1293820e-01		6.7927903e-04
2.4000000e+00		4.0695873e-01		6.8689517e-04
2.4200000e+00		4.0101294e-01		6.9441673e-04
2.4400000e+00		3.9510133e-01		7.0184194e-04
2.4600000e+00		3.8922441e-01		7.0916913e-04
2.4800000e+00		3.8338263e-01		7.1639674e-04
2.5000000e+00		3.7757644e-01		7.2352329e-04
2.5200000e+00		3.7180626e-01		7.3054739e-04
2.5400000e+00		3.6607248e-01		7.3746775e-04
2.5600000e+00		3.6037548e-01		7.4428319e-04
2.5800000e+00		3.5471562e-01		7.5099259e-04
2.6000000e+00		3.4909322e-01		7.5759494e-04
2.6200000e+00		3.4350859e-01		7.6408931e-04
2.6400000e+00		3.3796203e-01		7.7047487e-04
2.6600000e+00		3.3245380e-01		7.7675087e-04
2.6800000e+00		3.2698415e-01		7.8291664e-04
2.7000000e+00		3.2155331e-01		7.8897160e-04
2.7200000e+00		3.1616149e-01		7.9491526e-04
2.7400000e+00		3.1080889e-01		8.0074721e-04
2.7600000e+00		3.0549567e-01		8.0646710e-04
2.7800000e+00		3.0022200e-01		8.1207468e-04
2.8000000e+00		2.9498800e-01		8.1756979e-04
2.8200000e+00		2.8979381e-01		8.2295231e-04
2.8400000e+00		2.8463953e-01		8.2822222e-04
2.8600000e+00		2.7952524e-01		8.3337957e-04
2.8800000e+00		2.7445101e-01		8.3842448e-04
2.9000000e+00		2.6941692e-01		8.4335713e-04
2.9200000e+00		2.6442299e-01		8.4817779e-04
2.9400000e+00		2.5946925e-01		8.5288678e-04
2.9600000e+00		2.5455572e-01		8.5748448e-04
2.9800000e+00		2.4968240e-01		8.6197136e-04
3.0000000e+00		2.4484928e-01		8.6634792e-04
3.0200000e+00		2.4005631e-01		8.7061474e-04
3.0400000e+00		2.3530348e-01		8.7477246e-04
3.0600000e+00		2.3059072e-01		8.7882177e-04
3.0800000e+00		2.2591797e-01		8.8276341e-04
3.1000000e+00		2.2128515e-01		8.8659819e-04
3.1200000e+00		2.1669218e-01		8.9032696e-04
3.1400000e+00		2.1213896e-01		8.9395062e-04
3.1600000e+00		2.0762538e-01		8.9747014e-04
3.1800000e+00		2.0315132e-01		9.0088651e-04
3.2000000e+00		1.9871665e-01		9.0420078e-04
3.2200000e+00		1.9432123e-01		9.0741404e-04
3.2400000e+00		1.8996492e-01		9.1052743e-04
3.2600000e+00		1.8564756e-01		9.1354213e-04
3.2800000e+00		1.8136898e-01		9.1645935e-04
3.3000000e+00		1.7712901e-01		9.1928036e-04
3.3200000e+00		1.7292747e-01		9.2200645e-04
3.3400000e+00		1.6876417e-01		9.2463894e-04
3.3600000e+00		1.6463891e-01		9.2717921e-04
3.3800000e+00		1.6055148e-01		9.2962865e-04
3.4000000e+00		1.5650169e-01		9.3198870e-04
3.4200000e+00		1.5248930e-01		9.3426081e-04
3.4400000e+00		1.4851409e-01		9.3644647e-04
3.4600000e+00		1.4457584e-01		9.3854721e-04
3.4800000e+00		1.4067431e-01		9.4056458e-04
3.5000000e+00		1.3680926e-01		9.4250013e-04
3.5200000e+00		1.3298043e-01		9.4435548e-04
3.5400000e+00		1.2918759e-01		9.4613223e-04
3.5600000e+00		1.2543046e-01		9.4783204e-04
3.5800000e+00		1.2170880e-01		9.4945656e-04
3.6000000e+00		1.1802232e-01		9.5100749e-04
3.6200000e+00		1.1437078e-01		9.5248651e-04
3.6400000e+00		1.1075388e-01		9.5389537e-04
3.6600000e+00		1.0717135e-01		9.5523579e-04
3.6800000e+00		1.0362291e-01		9.5650953e-04
3.7000000e+00		1.0010828e-01		9.5771837e-04
3.7200000e+00		9.6627158e-02		9.5886408e-04
3.7400000e+00		9.3179265e-02		9.5994847e-04
3.7600000e+00		8.9764304e-02		9.6097335e-04
3.7800000e+00		8.6381978e-02		9.6194055e-04
3.8000000e+00		8.3031986e-02		9.6285189e-04
3.8200000e+00		7.9714028e-02		9.6370924e-04
3.8400000e+00		7.6427800e-02		9.6451444e-04
3.8600000e+00		7.3172996e-02		9.6526937e-04
3.8800000e+00		6.9949308e-02		9.6597590e-04
3.9000000e+00		6.6756428e-02		9.6663590e-04
3.9200000e+00		6.3594043e-02		9.6725129e-04
3.9400000e+00		6.0461841e-02		9.6782394e-04
3.9600000e+00		5.7359510e-02		9.6835577e-04
3.9800000e+00		5.4286733e-02		9.6884868e-04
4.0000000e+00		5.1243195e-02		9.6930460e-04
4.0200000e+00		4.8228579e-02		9.6972545e-04
4.0400000e+00		4.5242568e-02		9.7011315e-04
4.0600000e+00		4.2284841e-02		9.7046963e-04
4.0800000e+00		3.9355082e-02		9.7079682e-04
4.1000000e+00		3.6452969e-02		9.7109667e-04
4.1200000e+00		3.3578183e-02		9.7137111e-04
4.1400000e+00		3.0730404e-02		9.7162209e-04
4.1600000e+00		2.7909310e-02		9.7185156e-04
4.1800000e+00		2.5114583e-02		9.7206146e-04
4.2000000e+00		2.2345899e-02		9.7225375e-04
4.2200000e+00		1.9602940e-02		9.7243038e-04
4.2400000e+00		1.6885384e-02		9.7259330e-04
4.2600000e+00		1.4192911e-02		9.7274447e-04
4.2800000e+00		1.1525202e-02		9.7288586e-04
4.3000000e+00		8.8819352e-03		9.7301941e-04
4.3200000e+00		6.2627927e-03		9.7314710e-04
4.3400000e+00		3.6674553e-03		9.7327088e-04
4.3600000e+00		1.0956046e-03		9.7034901e-04
4.3800000e+00		-1.4370656e-03		9.6425030e-04
4.4000000e+00		-3.9306162e-03		9.5794124e-04
4.4200000e+00		-6.3851092e-03		9.5142120e-04
4.4400000e+00		-8.8006086e-03		9.4468959e-04
4.4600000e+00		-1.1177180e-02		9.3774588e-04
4.4800000e+00		-1.3514889e-02		9.3058957e-04
4.5000000e+00		-1.5813807e-02		9.2322020e-04
4.5200000e+00		-1.8074002e-02		9.1563737e-04
4.5400000e+00		-2.0295546e-02		9.0784071e-04
4.5600000e+00		-2.2478515e-02		8.9982989e-04
4.5800000e+00		-2.4622983e-02		8.9160466e-04
4.6000000e+00		-2.6729028e-02		8.8316478e-04
4.6200000e+00		-2.8796730e-02		8.7451006e-04
4.6400000e+00		-3.0826169e-02		8.6564038e-04
4.6600000e+00		-3.2817429e-02		8.5655564e-04
4.6800000e+00		-3.4770594e-02		8.4725579e-04
4.7000000e+00		-3.6685753e-02		8.3774085e-04
4.7200000e+00		-3.8562993e-02		8.2801085e-04
4.7400000e+00		-4.0402406e-02		8.1806591e-04
4.7600000e+00		-4.2204084e-02		8.0790616e-04
4.7800000e+00		-4.3968124e-02		7.9753180e-04
4.8000000e+00		-4.5694621e-02		7.8694308e-04
4.8200000e+00		-4.7383675e-02		7.7614027e-04
4.8400000e+00		-4.9035388e-02		7.6512372e-04
4.8600000e+00		-5.0649862e-02		7.5389382e-04
4.8800000e+00		-5.2227202e-02		7.4245099e-04
4.9000000e+00		-5.3767517e-02		7.3079573e-04
4.9200000e+00		-5.5270916e-02		7.1892856e-04
4.9400000e+00		-5.6737511e-02		7.0685007e-04
4.9600000e+00		-5.8167416e-02		6.9456090e-04
4.9800000e+00		-5.9560746e-02		6.8206171e-04
5.0000000e+00		-6.0917620e-02		6.6935324e-04
5.0200000e+00		-6.2238159e-02		6.5643627e-04
5.0400000e+00		-6.3522484e-02		6.4331162e-04
5.0600000e+00		-6.4770722e-02		6.2998018e-04
5.0800000e+00		-6.5982999e-02		6.1644288e-04
5.1000000e+00		-6.7159443e-02		6.0270069e-04
5.1200000e+00		-6.8300187e-02		5.8875463e-04
5.1400000e+00		-6.9405364e-02		5.7460579e-04
5.1600000e+00		-7.0475109e-02		5.6025529e-04
5.1800000e+00		-7.1509561e-02		5.4570432e-04
5.2000000e+00		-7.2508861e-02		5.3095408e-04
5.2200000e+00		-7.3473149e-02		5.1600587e-04
5.2400000e+00		-7.4402571e-02		5.0086101e-04
5.2600000e+00		-7.5297274e-02		4.8552087e-04
5.2800000e+00		-7.6157407e-02		4.6998688e-04
5.3000000e+00		-7.6983120e-02		4.5426051e-04
5.3200000e+00		-7.7774568e-02		4.3834328e-04
5.3400000e+00		-7.8531905e-02		4.2223678e-04
5.3600000e+00		-7.9255290e-02		4.0594262e-04
5.3800000e+00		-7.9944882e-02		3.8946247e-04
5.4000000e+00		-8.0600844e-02		3.7279805e-04
5.4200000e+00		-8.1223339e-02		3.5595114e-04
5.4400000e+00		-8.1812534e-02		3.3892355e-04
5.4600000e+00		-8.2368599e-02		3.2171715e-04
5.4800000e+00		-8.2891702e-02		3.0433385e-04
5.5000000e+00		-8.3382018e-02		2.8677562e-04
5.5200000e+00		-8.3839721e-02		2.6904447e-04
5.5400000e+00		-8.4264988e-02		2.5114246e-04
5.5600000e+00		-8.4657998e-02		2.3307169e-04
5.5800000e+00		-8.5018933e-02		2.1483432e-04
5.6000000e+00		-8.5347976e-02		1.9643255e-04
5.6200000e+00		-8.5645313e-02		1.7786863e-04
5.6400000e+00		-8.5911130e-02		1.5914486e-04
5.6600000e+00		-8.6145617e-02		1.4026357e-04
5.6800000e+00		-8.6348966e-02		1.2122716e-04
5.7000000e+00		-8.6521371e-02		1.0203805e-04
5.7200000e+00		-8.6663026e-02		8.2698736e-05
5.7400000e+00		-8.6774130e-02		6.3211730e-05
5.7600000e+00		-8.6854881e-02		4.3579605e-05
5.7800000e+00		-8.6905482e-02		2.3804976e-05
5.8000000e+00		-8.6926136e-02		3.8905005e-06
5.8200000e+00		-8.6917047e-02		-1.6161119e-05
5.8400000e+00		-8.6878424e-02		-3.6347137e-05
5.8600000e+00		-8.6810475e-02		-5.6664764e-05
5.8800000e+00		-8.6713411e-02		-7.7111168e-05
5.9000000e+00		-8.6587445e-02		-9.7683474e-05
5.9200000e+00		-8.6432792e-02		-1.1837877e-04
5.9400000e+00		-8.6249668e-02		-1.3919409e-04
5.9600000e+00		-8.6038291e-02		-1.6012644e-04
5.9800000e+00		-8.5798882e-02		-1.8117278e-04
6.0000000e+00		-8.5531662e-02		-2.0233003e-04
6.0200000e+00		-8.5236854e-02		-2.2359507e-04
6.0400000e+00		-8.4914684e-02		-2.4496473e-04
6.0600000e+00		-8.4565379e-02		-2.6643583e-04
6.0800000e+00		-8.4189168e-02		-2.8800512e-04
6.1000000e+00		-8.3786280e-02		-3.0966933e-04
6.1200000e+00		-8.3356947e-02		-3.3142515e-04
6.1400000e+00		-8.2901403e-02		-3.5326922e-04
6.1600000e+00		-8.2419884e-02		-3.7519817e-04
6.1800000e+00		-8.1912624e-02		-3.9720856e-04
6.2000000e+00		-8.1379864e-02		-4.1929695e-04
6.2200000e+00		-8.0821841e-02		-4.4145984e-04
6.2400000e+00		-8.0238798e-02		-4.6369370e-04
6.2600000e+00		-7.9630978e-02		-4.8599498e-04
6.2800000e+00		-7.8998623e-02		-5.0836008e-04
6.3000000e+00		-7.8341980e-02		-5.3078537e-04
6.3200000e+00		-7.7661295e-02		-5.5326720e-04
6.3400000e+00		-7.6956817e-02		-5.7580188e-04
6.3600000e+00		-7.6228796e-02		-5.9838570e-04
6.3800000e+00		-7.5477481e-02		-6.2101489e-04
6.4000000e+00		-7.4703125e-02		-6.4368568e-04
6.4200000e+00		-7.3905983e-02		-6.6639427e-04
6.4400000e+00		-7.3086307e-02		-6.8913681e-04
6.4600000e+00		-7.2244355e-02		-7.1190945e-04
6.4800000e+00		-7.1380383e-02		-7.3470829e-04
6.5000000e+00		-7.0494650e-02		-7.5752941e-04
6.5200000e+00		-6.9587414e-02		-7.8036887e-04
6.5400000e+00		-6.8658937e-02		-8.0322272e-04
6.5600000e+00		-6.7709479e-02		-8.2608694e-04
6.5800000e+00		-6.6739304e-02		-8.4895753e-04
6.6000000e+00		-6.5748675e-02		-8.7183045e-04
6.6200000e+00		-6.4737857e-02		-8.9470165e-04
6.6400000e+00		-6.3707115e-02		-9.1756703e-04
6.6600000e+00		-6.2656715e-02		-9.4042250e-04
6.6800000e+00		-6.1586926e-02		-9.6326393e-04
6.7000000e+00		-6.0498015e-02		-9.8608719e-04
6.7200000e+00		-5.9390251e-02		-1.0088881e-03
6.7400000e+00		-5.8263905e-02		-1.0316625e-03
6.7600000e+00		-5.7119248e-02		-1.0544062e-03
6.7800000e+00		-5.5956550e-02		-1.0771150e-03
6.8000000e+00		-5.4776084e-02		-1.0997846e-03
6.8200000e+00		-5.3578123e-02		-1.1224109e-03
6.8400000e+00		-5.2362940e-02		-1.1449895e-03
6.8600000e+00		-5.1130811e-02		-1.1675162e-03
6.8800000e+00		-4.9882009e-02		-1.1899868e-03
6.9000000e+00		-4.8616811e-02		-1.2123968e-03
6.9200000e+00		-4.7335492e-02		-1.2347421e-03
6.9400000e+00		-4.6038329e-02		-1.2570183e-03
6.9600000e+00		-4.4725599e-02		-1.2792210e-03
6.9800000e+00		-4.3397580e-02		-1.3013461e-03
7.0000000e+00		-4.2054550e-02		-1.3233891e-03
7.0200000e+00		-4.0696786e-02		-1.3453456e-03
7.0400000e+00		-3.9324569e-02		-1.3672114e-03
7.0600000e+00		-3.7938176e-02		-1.3889821e-03
7.0800000e+00		-3.6537888e-02		-1.4106533e-03
7.1000000e+00		-3.5123984e-02		-1.4322206e-03
7.1200000e+00		-3.3696744e-02		-1.4536798e-03
7.1400000e+00		-3.2256449e-02		-1.4750264e-03
7.1600000e+00		-3.0803378e-02		-1.4962560e-03
7.1800000e+00		-2.9337813e-02		-1.5173644e-03
7.2000000e+00		-2.7860034e-02		-1.5383471e-03
7.2200000e+00		-2.6370322e-02		-1.5591998e-03
7.2400000e+00		-2.4868959e-02		-1.5799181e-03
7.2600000e+00		-2.3356224e-02		-1.6004977e-03
7.2800000e+00		-2.1832399e-02		-1.6209342e-03
7.3000000e+00		-2.0297765e-02		-1.6412232e-03
7.3200000e+00		-1.8752603e-02		-1.6613605e-03
7.3400000e+00		-1.7197194e-02		-1.6813417e-03
7.3600000e+00		-1.5631818e-02		-1.7011624e-03
7.3800000e+00		-1.4056756e-02		-1.7208184e-03
7.4000000e+00		-1.2472289e-02		-1.7403054e-03
7.4200000e+00		-1.0878697e-02		-1.7596190e-03
7.4400000e+00		-9.2762593e-03		-1.7787549e-03
7.4600000e+00		-7.6652565e-03		-1.7977090e-03
7.4800000e+00		-6.0459677e-03		-1.8164769e-03
7.5000000e+00		-4.4186722e-03		-1.8350544e-03
7.5200000e+00		-2.7836488e-03		-1.8534372e-03
7.5400000e+00		-1.1411760e-03		-1.8626424e-03
7.5600000e+00		4.9267481e-04		-1.8627191e-03
7.5800000e+00		2.1179696e-03		-1.8627922e-03
7.6000000e+00		3.7347718e-03		-1.8628594e-03
7.6200000e+00		5.3431417e-03		-1.8629182e-03
7.6400000e+00		6.9431374e-03		-1.8629663e-03
7.6600000e+00		8.5348140e-03		-1.8630013e-03
7.6800000e+00		1.0118224e-02		-1.8630206e-03
7.7000000e+00		1.1693418e-02		-1.8630220e-03
7.7200000e+00		1.3260444e-02		-1.8630031e-03
7.7400000e+00		1.4819346e-02		-1.8629613e-03
7.7600000e+00		1.6370168e-02		-1.8628944e-03
7.7800000e+00		1.7912951e-02		-1.8627998e-03
7.8000000e+00		1.9447732e-02		-1.8626753e-03
7.8200000e+00		2.0974547e-02		-1.8625184e-03
7.8400000e+00		2.2493431e-02		-1.8623266e-03
7.8600000e+00		2.4004415e-02		-1.8620976e-03
7.8800000e+00		2.5507529e-02		-1.8618291e-03
7.9000000e+00		2.7002800e-02		-1.8615185e-03
7.9200000e+00		2.8490254e-02		-1.8611635e-03
7.9400000e+00		2.9969914e-02		-1.8607617e-03
7.9600000e+00		3.1441801e-02		-1.8603107e-03
7.9800000e+00		3.2905936e-02		-1.8598081e-03
8.0000000e+00		3.4362336e-02		-1.8592516e-03
8.0200000e+00		3.5811017e-02		-1.8586387e-03
8.0400000e+00		3.7251993e-02		-1.8579670e-03
8.0600000e+00		3.8685276e-02		-1.8572343e-03
8.0800000e+00		4.0110877e-02		-1.8564380e-03
8.1000000e+00		4.1528805e-02		-1.8555760e-03
8.1200000e+00		4.2939068e-02		-1.8546456e-03
8.1400000e+00		4.4341670e-02		-1.8536448e-03
8.1600000e+00		4.5736617e-02		-1.8525710e-03
8.1800000e+00		4.7123910e-02		-1.8514219e-03
8.2000000e+00		4.8503551e-02		-1.8501953e-03
8.2200000e+00		4.9875539e-02		-1.8488887e-03
8.2400000e+00		5.1239872e-02		-1.8474999e-03
8.2600000e+00		5.2596548e-02		-1.8460265e-03
8.2800000e+00		5.3945561e-02		-1.8444662e-03
8.3000000e+00		5.5286906e-02		-1.8428168e-03
8.3200000e+00		5.6620574e-02		-1.8410759e-03
8.3400000e+00		5.7946559e-02		-1.8392413e-03
8.3600000e+00		5.9264849e-02		-1.8373107e-03
8.3800000e+00		6.0575435e-02		-1.8352818e-03
8.4000000e+00		6.1878302e-02		-1.8331525e-03
8.4200000e+00		6.3173440e-02		-1.8309204e-03
8.4400000e+00		6.4460832e-02		-1.8285834e-03
8.4600000e+00		6.5740463e-02		-1.8261392e-03
8.4800000e+00		6.7012318e-02		-1.8235857e-03
8.5000000e+00		6.8276377e-02		-1.8209207e-03
8.5200000e+00		6.9532623e-02		-1.8181420e-03
8.5400000e+00		7.0781036e-02		-1.8152475e-03
8.5600000e+00		7.2021596e-02		-1.8122350e-03
8.5800000e+00		7.3254280e-02		-1.8091025e-03
8.6000000e+00		7.4479068e-02		-1.8058478e-03
8.6200000e+00		7.5695935e-02		-1.8024688e-03
8.6400000e+00		7.6904858e-02		-1.7989635e-03
8.6600000e+00		7.8105812e-02		-1.7953299e-03
8.6800000e+00		7.9298772e-02		-1.7915659e-03
8.7000000e+00		8.0483711e-02		-1.7876695e-03
8.7200000e+00		8.1660602e-02		-1.7836388e-03
8.7400000e+00		8.2829419e-02		-1.7794718e-03
8.7600000e+00		8.3990132e-02		-1.7751665e-03
8.7800000e+00		8.5142713e-02		-1.7707210e-03
8.8000000e+00		8.6287132e-02		-1.7661334e-03
8.8200000e+00		8.7423360e-02		-1.7614019e-03
8.8400000e+00		8.8551366e-02		-1.7565247e-03
8.8600000e+00		8.9671119e-02		-1.7514998e-03
8.8800000e+00		9.0782588e-02		-1.7463255e-03
8.9000000e+00		9.1885739e-02		-1.7410001e-03
8.9200000e+00		9.2980542e-02		-1.7355218e-03
8.9400000e+00		9.4066964e-02		-1.7298888e-03
8.9600000e+00		9.5144971e-02		-1.7240996e-03
8.9800000e+00		9.6214529e-02		-1.7181524e-03
9.0000000e+00		9.7275605e-02		-1.7120456e-03
9.0200000e+00		9.8328165e-02		-1.7057776e-03
9.0400000e+00		9.9372175e-02		-1.6993469e-03
9.0600000e+00		1.0040760e-01		-1.6927519e-03
9.0800000e+00		1.0143440e-01		-1.6859912e-03
9.1000000e+00		1.0245255e-01		-1.6790631e-03
9.1200000e+00		1.0346201e-01		-1.6719664e-03
9.1400000e+00		1.0446275e-01		-1.6646996e-03
9.1600000e+00		1.0545472e-01		-1.6572613e-03
9.1800000e+00		1.0643790e-01		-1.6496503e-03
9.2000000e+00		1.0741224e-01		-1.6418651e-03
9.2200000e+00		1.0837772e-01		-1.6339045e-03
9.2400000e+00		1.0933429e-01		-1.6257674e-03
9.2600000e+00		1.1028193e-01		-1.6174525e-03
9.2800000e+00		1.1122059e-01		-1.6089587e-03
9.3000000e+00		1.1215024e-01		-1.6002848e-03
9.3200000e+00		1.1307084e-01		-1.5914299e-03
9.3400000e+00		1.1398236e-01		-1.5823927e-03
9.3600000e+00		1.1488477e-01		-1.5731724e-03
9.3800000e+00		1.1577803e-01		-1.5637681e-03
9.4000000e+00		1.1666210e-01		-1.5541786e-03
9.4200000e+00		1.1753694e-01		-1.5444033e-03
9.4400000e+00		1.1840254e-01		-1.5344413e-03
9.4600000e+00		1.1925884e-01		-1.5242918e-03
9.4800000e+00		1.2010581e-01		-1.5139540e-03
9.5000000e+00		1.2094343e-01		-1.5034272e-03
9.5200000e+00		1.2177166e-01		-1.4927109e-03
9.5400000e+00		1.2259047e-01		-1.4818042e-03
9.5600000e+00		1.2339981e-01		-1.4707068e-03
9.5800000e+00		1.2419967e-01		-1.4594180e-03
9.6000000e+00		1.2499000e-01		-1.4479374e-03
9.6200000e+00		1.2577078e-01		-1.4362646e-03
9.6400000e+00		1.2654197e-01		-1.4243991e-03
9.6600000e+00		1.2730355e-01		-1.4123406e-03
9.6800000e+00		1.2805548e-01		-1.4000888e-03
9.7000000e+00		1.2879774e-01		-1.3876435e-03
9.7200000e+00		1.2953029e-01		-1.3750044e-03
9.7400000e+00		1.3025310e-01		-1.3621714e-03
9.7600000e+00		1.3096615e-01		-1.3491445e-03
9.7800000e+00		1.3166941e-01		-1.3359234e-03
9.8000000e+00		1.3236286e-01		-1.3225083e-03
9.8200000e+00		1.3304645e-01		-1.3088991e-03
9.8400000e+00		1.3372018e-01		-1.2950960e-03
9.8600000e+00		1.3438401e-01		-1.2810990e-03
9.8800000e+00		1.3503792e-01		-1.2669084e-03
9.9000000e+00		1.3568188e-01		-1.2525244e-03
9.9200000e+00		1.3631587e-01		-1.2379472e-03
9.9400000e+00		1.3693987e-01		-1.2231772e-03
9.9600000e+00		1.3755386e-01		-1.2082148e-03
9.9800000e+00		1.3815781e-01		-1.1930604e-03
1.0000000e+01		1.3875171e-01		-1.1777145e-03
1.0020000e+01		1.3933553e-01		-1.1621776e-03
1.0040000e+01		1.3990925e-01		-1.1464503e-03
1.0060000e+01		1.4047286e-01		-1.1305332e-03
1.0080000e+01		1.4102634e-01		-1.1144270e-03
1.0100000e+01		1.4156967e-01		-1.0981324e-03
1.0120000e+01		1.4210283e-01		-1.0816501e-03
1.0140000e+01		1.4262582e-01		-1.0649811e-03
1.0160000e+01		1.4313861e-01		-1.0481262e-03
1.0180000e+01		1.4364119e-01		-1.0310863e-03
1.0200000e+01		1.4413355e-01		-1.0138624e-03
1.0220000e+01		1.4461568e-01		-9.9645549e-04
1.0240000e+01		1.4508757e-01		-9.7886665e-04
1.0260000e+01		1.4554920e-01		-9.6109701e-04
1.0280000e+01		1.4600058e-01		-9.4314773e-04
1.0300000e+01		1.4644167e-01		-9.2502003e-04
1.0320000e+01		1.4687250e-01		-9.0671516e-04
1.0340000e+01		1.4729303e-01		-8.8823445e-04
1.0360000e+01		1.4770328e-01		-8.6957924e-04
1.0380000e+01		1.4810323e-01		-8.5075095e-04
1.0400000e+01		1.4849288e-01		-8.3175102e-04
1.0420000e+01		1.4887223e-01		-8.1258094e-04
1.0440000e+01		1.4924127e-01		-7.9324228e-04
1.0460000e+01		1.4960001e-01		-7.7373661e-04
1.0480000e+01		1.4994845e-01		-7.5406557e-04
1.0500000e+01		1.5028659e-01		-7.3423083e-04
1.0520000e+01		1.5061442e-01		-7.1423413e-04
1.0540000e+01		1.5093196e-01		-6.9407722e-04
1.0560000e+01		1.5123920e-01		-6.7376193e-04
1.0580000e+01		1.5153616e-01		-6.5329009e-04
1.0600000e+01		1.5182283e-01		-6.3266362e-04
1.0620000e+01		1.5209922e-01		-6.1188444e-04
1.0640000e+01		1.5236535e-01		-5.9095454e-04
1.0660000e+01		1.5262122e-01		-5.6987594e-04
1.0680000e+01		1.5286685e-01		-5.4865069e-04
1.0700000e+01		1.5310223e-01		-5.2728089e-04
1.0720000e+01		1.5332739e-01		-5.0576869e-04
1.0740000e+01		1.5354234e-01		-4.8411627e-04
1.0760000e+01		1.5374710e-01		-4.6232582e-04
1.0780000e+01		1.5394167e-01		-4.4039962e-04
1.0800000e+01		1.5412607e-01		-4.1833994e-04
1.0820000e+01		1.5430033e-01		-3.9614911e-04
1.0840000e+01		1.5446445e-01		-3.7382949e-04
1.0860000e+01		1.5461846e-01		-3.5138347e-04
1.0880000e+01		1.5476239e-01		-3.2881347e-04
1.0900000e+01		1.5489624e-01		-3.0612197e-04
1.0920000e+01		1.5502004e-01		-2.8331144e-04
1.0940000e+01		1.5513382e-01		-2.6038442e-04
1.0960000e+01		1.5523760e-01		-2.3734345e-04
1.0980000e+01		1.5533141e-01		-2.1419111e-04
1.1000000e+01		1.5541527e-01		-1.9093003e-04
1.1020000e+01		1.5548920e-01		-1.6756284e-04
1.1040000e+01		1.5555324e-01		-1.4409220e-04
1.1060000e+01		1.5560742e-01		-1.2052081e-04
1.1080000e+01		1.5565177e-01		-9.6851398e-05
1.1100000e+01		1.5568632e-01		-7.3086695e-05
1.1120000e+01		1.5571109e-01		-4.9229475e-05
1.1140000e+01		1.5572613e-01		-2.5282528e-05
1.1160000e+01		1.5573146e-01		-1.2486663e-06
1.1180000e+01		1.5572713e-01		2.2869274e-05
1.1200000e+01		1.5571317e-01		4.7068440e-05
1.1220000e+01		1.5568961e-01		7.1345956e-05
1.1240000e+01		1.5565649e-01		9.5698929e-05
1.1260000e+01		1.5561386e-01		1.2012445e-04
1.1280000e+01		1.5556175e-01		1.4461959e-04
1.1300000e+01		1.5550020e-01		1.6918141e-04
1.1320000e+01		1.5542925e-01		1.9380694e-04
1.1340000e+01		1.5534896e-01		2.1849323e-04
1.1360000e+01		1.5525935e-01		2.4323727e-04
1.1380000e+01		1.5516047e-01		2.6803608e-04
1.1400000e+01		1.5505238e-01		2.9288665e-04
1.1420000e+01		1.5493510e-01		3.1778596e-04
1.1440000e+01		1.5480871e-01		3.4273097e-04
1.1460000e+01		1.5467323e-01		3.6771866e-04
1.1480000e+01		1.5452871e-01		3.9274599e-04
1.1500000e+01		1.5437522e-01		4.1780989e-04
1.1520000e+01		1.5421279e-01		4.4290732e-04
1.1540000e+01		1.5404148e-01		4.6803521e-04
1.1560000e+01		1.5386134e-01		4.9319051e-04
1.1580000e+01		1.5367242e-01		5.1837014e-04
1.1600000e+01		1.5347477e-01		5.4357104e-04
1.1620000e+01		1.5326845e-01		5.6879014e-04
1.1640000e+01		1.5305352e-01		5.9402436e-04
1.1660000e+01		1.5283003e-01		6.1927065e-04
1.1680000e+01		1.5259803e-01		6.4452594e-04
1.1700000e+01		1.5235758e-01		6.6978716e-04
1.1720000e+01		1.5210874e-01		6.9505125e-04
1.1740000e+01		1.5185156e-01		7.2031516e-04
1.1760000e+01		1.5158612e-01		7.4557584e-04
1.1780000e+01		1.5131245e-01		7.7083026e-04
1.1800000e+01		1.5103064e-01		7.9607536e-04
1.1820000e+01		1.5074073e-01		8.2130813e-04
1.1840000e+01		1.5044278e-01		8.4652555e-04
1.1860000e+01		1.5013687e-01		8.7172461e-04
1.1880000e+01		1.4982304e-01		8.9690232e-04
1.1900000e+01		1.4950137e-01		9.2205568e-04
1.1920000e+01		1.4917192e-01		9.4718174e-04
1.1940000e+01		1.4883475e-01		9.7227752e-04
1.1960000e+01		1.4848992e-01		9.9734009e-04
1.1980000e+01		1.4813751e-01		1.0223665e-03
1.2000000e+01		1.4777757e-01		1.0473539e-03
1.2020000e+01		1.4741018e-01		1.0722993e-03
1.2040000e+01		1.4703540e-01		1.0971999e-03
1.2060000e+01		1.4665329e-01		1.1220527e-03
1.2080000e+01		1.4626393e-01		1.1468551e-03
1.2100000e+01		1.4586738e-01		1.1716040e-03
1.2120000e+01		1.4546371e-01		1.1962969e-03
1.2140000e+01		1.4505298e-01		1.2209307e-03
1.2160000e+01		1.4463528e-01		1.2455029e-03
1.2180000e+01		1.4421066e-01		1.2700106e-03
1.2200000e+01		1.4377920e-01		1.2944512e-03
1.2220000e+01		1.4334097e-01		1.3188220e-03
1.2240000e+01		1.4289603e-01		1.3431202e-03
1.2260000e+01		1.4244447e-01		1.3673433e-03
1.2280000e+01		1.4198634e-01		1.3914887e-03
1.2300000e+01		1.4152172e-01		1.4155537e-03
1.2320000e+01		1.4105068e-01		1.4395358e-03
1.2340000e+01		1.4057330e-01		1.4634325e-03
1.2360000e+01		1.4008964e-01		1.4872412e-03
1.2380000e+01		1.3959978e-01		1.5109596e-03
1.2400000e+01		1.3910379e-01		1.5345851e-03
1.2420000e+01		1.3860174e-01		1.5581153e-03
1.2440000e+01		1.3809371e-01		1.5815479e-03
1.2460000e+01		1.3757976e-01		1.6048805e-03
1.2480000e+01		1.3705998e-01		1.6281108e-03
1.2500000e+01		1.3653443e-01		1.6512364e-03
1.2520000e+01		1.3600319e-01		1.6742553e-03
1.2540000e+01		1.3546633e-01		1.6971650e-03
1.2560000e+01		1.3492392e-01		1.7199635e-03
1.2580000e+01		1.3437604e-01		1.7426485e-03
1.2600000e+01		1.3382276e-01		1.7652180e-03
1.2620000e+01		1.3326416e-01		1.7876698e-03
1.2640000e+01		1.3270031e-01		1.8100020e-03
1.2660000e+01		1.3213128e-01		1.8322125e-03
1.2680000e+01		1.3155715e-01		1.8542993e-03
1.2700000e+01		1.3097798e-01		1.8762604e-03
1.2720000e+01		1.3039386e-01		1.8980941e-03
1.2740000e+01		1.2980486e-01		1.9197983e-03
1.2760000e+01		1.2921105e-01		1.9413713e-03
1.2780000e+01		1.2861250e-01		1.9628113e-03
1.2800000e+01		1.2800929e-01		1.9841165e-03
1.2820000e+01		1.2740149e-01		2.0052852e-03
1.2840000e+01		1.2678918e-01		2.0263157e-03
1.2860000e+01		1.2617242e-01		2.0472063e-03
1.2880000e+01		1.2555129e-01		2.0679555e-03
1.2900000e+01		1.2492587e-01		2.0885617e-03
1.2920000e+01		1.2429622e-01		2.1090234e-03
1.2940000e+01		1.2366243e-01		2.1293390e-03
1.2960000e+01		1.2302455e-01		2.1495072e-03
1.2980000e+01		1.2238266e-01		2.1695264e-03
1.3000000e+01		1.2173685e-01		2.1893954e-03
1.3020000e+01		1.2108716e-01		2.2091128e-03
1.3040000e+01		1.2043369e-01		2.2286773e-03
1.3060000e+01		1.1977650e-01		2.2480877e-03
1.3080000e+01		1.1911566e-01		2.2673427e-03
1.3100000e+01		1.1845124e-01		2.2864412e-03
1.3120000e+01		1.1778331e-01		2.3053820e-03
1.3140000e+01		1.1711194e-01		2.3241640e-03
1.3160000e+01		1.1643721e-01		2.3427862e-03
1.3180000e+01		1.1575918e-01		2.3612476e-03
1.3200000e+01		1.1507793e-01		2.3795471e-03
1.3220000e+01		1.1439351e-01		2.3976839e-03
1.3240000e+01		1.1370601e-01		2.4156570e-03
1.3260000e+01		1.1301548e-01		2.4334657e-03
1.3280000e+01		1.1232200e-01		2.4511089e-03
1.3300000e+01		1.1162563e-01		2.4685861e-03
1.3320000e+01		1.1092645e-01		2.4858965e-03
1.3340000e+01		1.1022452e-01		2.5030392e-03
1.3360000e+01		1.0951990e-01		2.5200138e-03
1.3380000e+01		1.0881266e-01		2.5368195e-03
1.3400000e+01		1.0810287e-01		2.5534558e-03
1.3420000e+01		1.0739060e-01		2.5699221e-03
1.3440000e+01		1.0667590e-01		2.5862179e-03
1.3460000e+01		1.0595885e-01		2.6023428e-03
1.3480000e+01		1.0523951e-01		2.6182962e-03
1.3500000e+01		1.0451793e-01		2.6340779e-03
1.3520000e+01		1.0379420e-01		2.6496875e-03
1.3540000e+01		1.0306836e-01		2.6651246e-03
1.3560000e+01		1.0234048e-01		2.6803889e-03
1.3580000e+01		1.0161062e-01		2.6954802e-03
1.3600000e+01		1.0087885e-01		2.7103984e-03
1.3620000e+01		1.0014523e-01		2.7251431e-03
1.3640000e+01		9.9409807e-02		2.7397144e-03
1.3660000e+01		9.8672654e-02		2.7541120e-03
1.3680000e+01		9.7933828e-02		2.7683360e-03
1.3700000e+01		9.7193387e-02		2.7823862e-03
1.3720000e+01		9.6451390e-02		2.7962628e-03
1.3740000e+01		9.5707897e-02		2.8099656e-03
1.3760000e+01		9.4962963e-02		2.8234949e-03
1.3780000e+01		9.4216648e-02		2.8368507e-03
1.3800000e+01		9.3469007e-02		2.8500331e-03
1.3820000e+01		9.2720096e-02		2.8630424e-03
1.3840000e+01		9.1969972e-02		2.8758787e-03
1.3860000e+01		9.1218689e-02		2.8885423e-03
1.3880000e+01		9.0466303e-02		2.9010334e-03
1.3900000e+01		8.9712867e-02		2.9133524e-03
1.3920000e+01		8.8958434e-02		2.9254996e-03
1.3940000e+01		8.8203059e-02		2.9374753e-03
1.3960000e+01		8.7446793e-02		2.9492801e-03
1.3980000e+01		8.6689689e-02		2.9609142e-03
1.4000000e+01		8.5931797e-02		2.9723781e-03
1.4020000e+01		8.5173170e-02		2.9836724e-03
1.4040000e+01		8.4413856e-02		2.9947976e-03
1.4060000e+01		8.3653906e-02		3.0057541e-03
1.4080000e+01		8.2893368e-02		3.0165427e-03
1.4100000e+01		8.2132293e-02		3.0271639e-03
1.4120000e+01		8.1370727e-02		3.0376183e-03
1.4140000e+01		8.0608718e-02		3.0479066e-03
1.4160000e+01		7.9846313e-02		3.0580295e-03
1.4180000e+01		7.9083559e-02		3.0679877e-03
1.4200000e+01		7.8320501e-02		3.0777819e-03
1.4220000e+01		7.7557184e-02		3.0874130e-03
1.4240000e+01		7.6793654e-02		3.0968817e-03
1.4260000e+01		7.6029953e-02		3.1061888e-03
1.4280000e+01		7.5266127e-02		3.1153353e-03
1.4300000e+01		7.4502217e-02		3.1243218e-03
1.4320000e+01		7.3738266e-02		3.1331495e-03
1.4340000e+01		7.2974317e-02		3.1418191e-03
1.4360000e+01		7.2210409e-02		3.1503316e-03
1.4380000e+01		7.1446584e-02		3.1586880e-03
1.4400000e+01		7.0682882e-02		3.1668892e-03
1.4420000e+01		6.9919342e-02		3.1749364e-03
1.4440000e+01		6.9156003e-02		3.1828304e-03
1.4460000e+01		6.8392904e-02		3.1905725e-03
1.4480000e+01		6.7630082e-02		3.1981635e-03
1.4500000e+01		6.6867575e-02		3.2056047e-03
1.4520000e+01		6.6105419e-02		3.2128972e-03
1.4540000e+01		6.5343650e-02		3.2200421e-03
1.4560000e+01		6.4582304e-02		3.2270404e-03
1.4580000e+01		6.3821415e-02		3.2338936e-03
1.4600000e+01		6.3061018e-02		3.2406026e-03
1.4620000e+01		6.2301147e-02		3.2471688e-03
1.4640000e+01		6.1541835e-02		3.2535933e-03
1.4660000e+01		6.0783115e-02		3.2598774e-03
1.4680000e+01		6.0025018e-02		3.2660224e-03
1.4700000e+01		5.9267576e-02		3.2720295e-03
1.4720000e+01		5.8510820e-02		3.2779001e-03
1.4740000e+01		5.7754781e-02		3.2836354e-03
1.4760000e+01		5.6999488e-02		3.2892369e-03
1.4780000e+01		5.6244970e-02		3.2947057e-03
1.4800000e+01		5.5491257e-02		3.3000434e-03
1.4820000e+01		5.4738376e-02		3.3052512e-03
1.4840000e+01		5.3986356e-02		3.3103306e-03
1.4860000e+01		5.3235222e-02		3.3152830e-03
1.4880000e+01		5.2485002e-02		3.3201097e-03
1.4900000e+01		5.1735722e-02		3.3248123e-03
1.4920000e+01		5.0987406e-02		3.3293921e-03
1.4940000e+01		5.0240081e-02		3.3338506e-03
1.4960000e+01		4.9493770e-02		3.3381893e-03
1.4980000e+01		4.8748497e-02		3.3424097e-03
1.5000000e+01		4.8004285e-02		3.3465132e-03
1.5020000e+01		4.7261158e-02		3.3505013e-03
1.5040000e+01		4.6519136e-02		3.3543756e-03
1.5060000e+01		4.5778243e-02		3.3581376e-03
1.5080000e+01		4.5038500e-02		3.3617888e-03
1.5100000e+01		4.4299926e-02		3.3653308e-03
1.5120000e+01		4.3562542e-02		3.3687651e-03
1.5140000e+01		4.2826368e-02		3.3720933e-03
1.5160000e+01		4.2091423e-02		3.3753169e-03
1.5180000e+01		4.1357725e-02		3.3784376e-03
1.5200000e+01		4.0625293e-02		3.3814569e-03
1.5220000e+01		3.9894145e-02		3.3843764e-03
1.5240000e+01		3.9164296e-02		3.3871978e-03
1.5260000e+01		3.8435765e-02		3.3899226e-03
1.5280000e+01		3.7708567e-02		3.3925524e-03
1.5300000e+01		3.6982717e-02		3.3950889e-03
1.5320000e+01		3.6258232e-02		3.3975338e-03
1.5340000e+01		3.5535125e-02		3.3998886e-03
1.5360000e+01		3.4813411e-02		3.4021551e-03
1.5380000e+01		3.4093104e-02		3.4043348e-03
1.5400000e+01		3.3374216e-02		3.4064294e-03
1.5420000e+01		3.2656761e-02		3.4084407e-03
1.5440000e+01		3.1940752e-02		3.4103702e-03
1.5460000e+01		3.1226199e-02		3.4122196e-03
1.5480000e+01		3.0513114e-02		3.4139907e-03
1.5500000e+01		2.9801508e-02		3.4156850e-03
1.5520000e+01		2.9091393e-02		3.4173044e-03
1.5540000e+01		2.8382777e-02		3.4188505e-03
1.5560000e+01		2.7675670e-02		3.4203249e-03
1.5580000e+01		2.6970083e-02		3.4217295e-03
1.5600000e+01		2.6266022e-02		3.4230658e-03
1.5620000e+01		2.5563497e-02		3.4243357e-03
1.5640000e+01		2.4862516e-02		3.4255408e-03
1.5660000e+01		2.4163086e-02		3.4266828e-03
1.5680000e+01		2.3465214e-02		3.4277635e-03
1.5700000e+01		2.2768906e-02		3.4287846e-03
1.5720000e+01		2.2074170e-02		3.4297477e-03
1.5740000e+01		2.1381010e-02		3.4306548e-03
1.5760000e+01		2.0689432e-02		3.4315074e-03
1.5780000e+01		1.9999441e-02		3.4323072e-03
1.5800000e+01		1.9311042e-02		3.4330562e-03
1.5820000e+01		1.8624238e-02		3.4337559e-03
1.5840000e+01		1.7939034e-02		3.4344081e-03
1.5860000e+01		1.7255433e-02		3.4350145e-03
1.5880000e+01		1.6573438e-02		3.4355770e-03
1.5900000e+01		1.5893052e-02		3.4360971e-03
1.5920000e+01		1.5214276e-02		3.4365768e-03
1.5940000e+01		1.4537114e-02		3.4370177e-03
1.5960000e+01		1.3861565e-02		3.4374216e-03
1.5980000e+01		1.3187632e-02		3.4377901e-03
1.6000000e+01		1.2515315e-02		3.4381252e-03
1.6020000e+01		1.1844614e-02		3.4384285e-03
1.6040000e+01		1.1175530e-02		3.4387017e-03
1.6060000e+01		1.0508063e-02		3.4389467e-03
1.6080000e+01		9.8422104e-03		3.4391651e-03
1.6100000e+01		9.1779728e-03		3.4393588e-03
1.6120000e+01		8.5153485e-03		3.4395294e-03
1.6140000e+01		7.8543356e-03		3.4396788e-03
1.6160000e+01		7.1949323e-03		3.4398087e-03
1.6180000e+01		6.5371361e-03		3.4399208e-03
1.6200000e+01		5.8809443e-03		3.4400169e-03
1.6220000e+01		5.2263538e-03		3.4400988e-03
1.6240000e+01		4.5733614e-03		3.4401681e-03
1.6260000e+01		3.9219634e-03		3.4402268e-03
1.6280000e+01		3.2721556e-03		3.4402764e-03
1.6300000e+01		2.6239339e-03		3.4403188e-03
1.6320000e+01		1.9772936e-03		3.4403558e-03
1.6340000e+01		1.3322298e-03		3.4403890e-03
1.6360000e+01		6.8873720e-04		3.4404203e-03
1.6380000e+01		4.6810267e-05		3.3974317e-03
1.6400000e+01		-5.7752297e-04		3.3109529e-03
1.6420000e+01		-1.1842103e-03		3.2237478e-03
1.6440000e+01		-1.7732024e-03		3.1358290e-03
1.6460000e+01		-2.3444527e-03		3.0472090e-03
1.6480000e+01		-2.8979176e-03		2.9579006e-03
1.6500000e+01		-3.4335563e-03		2.8679169e-03
1.6520000e+01		-3.9513306e-03		2.7772708e-03
1.6540000e+01		-4.4512056e-03		2.6859756e-03
1.6560000e+01		-4.9331488e-03		2.5940446e-03
1.6580000e+01		-5.3971307e-03		2.5014912e-03
1.6600000e+01		-5.8431248e-03		2.4083293e-03
1.6620000e+01		-6.2711071e-03		2.3145723e-03
1.6640000e+01		-6.6810566e-03		2.2202343e-03
1.6660000e+01		-7.0729553e-03		2.1253293e-03
1.6680000e+01		-7.4467876e-03		2.0298713e-03
1.6700000e+01		-7.8025411e-03		1.9338746e-03
1.6720000e+01		-8.1402061e-03		1.8373536e-03
1.6740000e+01		-8.4597754e-03		1.7403228e-03
1.6760000e+01		-8.7612451e-03		1.6427968e-03
1.6780000e+01		-9.0446138e-03		1.5447903e-03
1.6800000e+01		-9.3098828e-03		1.4463181e-03
1.6820000e+01		-9.5570564e-03		1.3473952e-03
1.6840000e+01		-9.7861416e-03		1.2480366e-03
1.6860000e+01		-9.9971481e-03		1.1482575e-03
1.6880000e+01		-1.0190088e-02		1.0480731e-03
1.6900000e+01		-1.0364978e-02		9.4749878e-04
1.6920000e+01		-1.0521834e-02		8.4655001e-04
1.6940000e+01		-1.0660678e-02		7.4524234e-04
1.6960000e+01		-1.0781533e-02		6.4359140e-04
1.6980000e+01		-1.0884426e-02		5.4161293e-04
1.7000000e+01		-1.0969384e-02		4.3932275e-04
1.7020000e+01		-1.1036441e-02		3.3673676e-04
1.7040000e+01		-1.1085629e-02		2.3387096e-04
1.7060000e+01		-1.1116985e-02		1.3074143e-04
1.7080000e+01		-1.1130550e-02		2.7364307e-05
1.7100000e+01		-1.1126365e-02		-7.6244176e-05
1.7120000e+01		-1.1104476e-02		-1.8006772e-04
1.7140000e+01		-1.1064929e-02		-2.8408996e-04
1.7160000e+01		-1.1007774e-02		-3.8829444e-04
1.7180000e+01		-1.0933065e-02		-4.9266468e-04
1.7200000e+01		-1.0840855e-02		-5.9718409e-04
1.7220000e+01		-1.0731204e-02		-7.0183606e-04
1.7240000e+01		-1.0604171e-02		-8.0660390e-04
1.7260000e+01		-1.0459819e-02		-9.1147086e-04
1.7280000e+01		-1.0298213e-02		-1.0164202e-03
1.7300000e+01		-1.0119422e-02		-1.1214350e-03
1.7320000e+01		-9.9235150e-03		-1.2264984e-03
1.7340000e+01		-9.7105652e-03		-1.3315934e-03
1.7360000e+01		-9.4806479e-03		-1.4367032e-03
1.7380000e+01		-9.2338405e-03		-1.5418107e-03
1.7400000e+01		-8.9702234e-03		-1.6468988e-03
1.7420000e+01		-8.6898787e-03		-1.7519504e-03
1.7440000e+01		-8.3928915e-03		-1.8569485e-03
1.7460000e+01		-8.0793489e-03		-1.9618760e-03
1.7480000e+01		-7.7493404e-03		-2.0667155e-03
1.7500000e+01		-7.4029578e-03		-2.1714500e-03
1.7520000e+01		-7.0402955e-03		-2.2760623e-03
1.7540000e+01		-6.6614497e-03		-2.3805351e-03
1.7560000e+01		-6.2665192e-03		-2.4848512e-03
1.7580000e+01		-5.8556049e-03		-2.5889934e-03
1.7600000e+01		-5.4288101e-03		-2.6929444e-03
1.7620000e+01		-4.9862402e-03		-2.7966869e-03
1.7640000e+01		-4.5280025e-03		-2.9002037e-03
1.7660000e+01		-4.0542071e-03		-3.0034775e-03
1.7680000e+01		-3.5649655e-03		-3.1064911e-03
1.7700000e+01		-3.0603920e-03		-3.2092272e-03
1.7720000e+01		-2.5406024e-03		-3.3116686e-03
1.7740000e+01		-2.0057150e-03		-3.4137981e-03
1.7760000e+01		-1.4558500e-03		-3.5155985e-03
1.7780000e+01		-8.9112965e-04		-3.6170525e-03
1.7800000e+01		-3.1167809e-04		-3.6677613e-03
1.7820000e+01		2.6647713e-04		-3.6677880e-03
1.7840000e+01		8.4334010e-04		-3.6678121e-03
1.7860000e+01		1.4189146e-03		-3.6678320e-03
1.7880000e+01		1.9932042e-03		-3.6678460e-03
1.7900000e+01		2.5662122e-03		-3.6678525e-03
1.7920000e+01		3.1379414e-03		-3.6678496e-03
1.7940000e+01		3.7083947e-03		-3.6678357e-03
1.7960000e+01		4.2775744e-03		-3.6678092e-03
1.7980000e+01		4.8454827e-03		-3.6677684e-03
1.8000000e+01		5.4121215e-03		-3.6677115e-03
1.8020000e+01		5.9774924e-03		-3.6676369e-03
1.8040000e+01		6.5415968e-03		-3.6675429e-03
1.8060000e+01		7.1044359e-03		-3.6674277e-03
1.8080000e+01		7.6660104e-03		-3.6672898e-03
1.8100000e+01		8.2263210e-03		-3.6671274e-03
1.8120000e+01		8.7853680e-03		-3.6669388e-03
1.8140000e+01		9.3431515e-03		-3.6667224e-03
1.8160000e+01		9.8996714e-03		-3.6664765e-03
1.8180000e+01		1.0454927e-02		-3.6661993e-03
1.8200000e+01		1.1008919e-02		-3.6658892e-03
1.8220000e+01		1.1561644e-02		-3.6655445e-03
1.8240000e+01		1.2113103e-02		-3.6651636e-03
1.8260000e+01		1.2663294e-02		-3.6647447e-03
1.8280000e+01		1.3212216e-02		-3.6642861e-03
1.8300000e+01		1.3759866e-02		-3.6637863e-03
1.8320000e+01		1.4306243e-02		-3.6632434e-03
1.8340000e+01		1.4851344e-02		-3.6626558e-03
1.8360000e+01		1.5395166e-02		-3.6620219e-03
1.8380000e+01		1.5937708e-02		-3.6613400e-03
1.8400000e+01		1.6478966e-02		-3.6606084e-03
1.8420000e+01		1.7018937e-02		-3.6598254e-03
1.8440000e+01		1.7557618e-02		-3.6589893e-03
1.8460000e+01		1.8095004e-02		-3.6580985e-03
1.8480000e+01		1.8631093e-02		-3.6571513e-03
1.8500000e+01		1.9165880e-02		-3.6561461e-03
1.8520000e+01		1.9699360e-02		-3.6550812e-03
1.8540000e+01		2.0231531e-02		-3.6539549e-03
1.8560000e+01		2.0762386e-02		-3.6527656e-03
1.8580000e+01		2.1291921e-02		-3.6515116e-03
1.8600000e+01		2.1820132e-02		-3.6501913e-03
1.8620000e+01		2.2347012e-02		-3.6488030e-03
1.8640000e+01		2.2872556e-02		-3.6473450e-03
1.8660000e+01		2.3396760e-02		-3.6458158e-03
1.8680000e+01		2.3919616e-02		-3.6442137e-03
1.8700000e+01		2.4441119e-02		-3.6425370e-03
1.8720000e+01		2.4961264e-02		-3.6407841e-03
1.8740000e+01		2.5480042e-02		-3.6389534e-03
1.8760000e+01		2.5997449e-02		-3.6370433e-03
1.8780000e+01		2.6513476e-02		-3.6350522e-03
1.8800000e+01		2.7028118e-02		-3.6329783e-03
1.8820000e+01		2.7541367e-02		-3.6308202e-03
1.8840000e+01		2.8053217e-02		-3.6285762e-03
1.8860000e+01		2.8563658e-02		-3.6262447e-03
1.8880000e+01		2.9072685e-02		-3.6238241e-03
1.8900000e+01		2.9580289e-02		-3.6213129e-03
1.8920000e+01		3.0086462e-02		-3.6187093e-03
1.8940000e+01		3.0591196e-02		-3.6160120e-03
1.8960000e+01		3.1094484e-02		-3.6132192e-03
1.8980000e+01		3.1596316e-02		-3.6103294e-03
1.9000000e+01		3.2096684e-02		-3.6073410e-03
1.9020000e+01		3.2595579e-02		-3.6042525e-03
1.9040000e+01		3.3092993e-02		-3.6010624e-03
1.9060000e+01		3.3588916e-02		-3.5977691e-03
1.9080000e+01		3.4083340e-02		-3.5943710e-03
1.9100000e+01		3.4576255e-02		-3.5908666e-03
1.9120000e+01		3.5067652e-02		-3.5872545e-03
1.9140000e+01		3.5557520e-02		-3.5835330e-03
1.9160000e+01		3.6045851e-02		-3.5797007e-03
1.9180000e+01		3.6532635e-02		-3.5757561e-03
1.9200000e+01		3.7017861e-02		-3.5716977e-03
1.9220000e+01		3.7501520e-02		-3.5675240e-03
1.9240000e+01		3.7983601e-02		-3.5632336e-03
1.9260000e+01		3.8464094e-02		-3.5588249e-03
1.9280000e+01		3.8942989e-02		-3.5542965e-03
1.9300000e+01		3.9420274e-02		-3.5496470e-03
1.9320000e+01		3.9895940e-02		-3.5448749e-03
1.9340000e+01		4.0369975e-02		-3.5399789e-03
1.9360000e+01		4.0842368e-02		-3.5349574e-03
1.9380000e+01		4.1313109e-02		-3.5298091e-03
1.9400000e+01		4.1782186e-02		-3.5245325e-03
1.9420000e+01		4.2249588e-02		-3.5191264e-03
1.9440000e+01		4.2715303e-02		-3.5135893e-03
1.9460000e+01		4.3179321e-02		-3.5079198e-03
1.9480000e+01		4.3641630e-02		-3.5021167e-03
1.9500000e+01		4.4102217e-02		-3.4961785e-03
1.9520000e+01		4.4561072e-02		-3.4901039e-03
1.9540000e+01		4.5018182e-02		-3.4838917e-03
1.9560000e+01		4.5473535e-02		-3.4775405e-03
1.9580000e+01		4.5927120e-02		-3.4710489e-03
1.9600000e+01		4.6378925e-02		-3.4644159e-03
1.9620000e+01		4.6828936e-02		-3.4576400e-03
1.9640000e+01		4.7277143e-02		-3.4507200e-03
1.9660000e+01		4.7723532e-02		-3.4436546e-03
1.9680000e+01		4.8168091e-02		-3.4364428e-03
1.9700000e+01		4.8610808e-02		-3.4290831e-03
1.9720000e+01		4.9051670e-02		-3.4215745e-03
1.9740000e+01		4.9490665e-02		-3.4139158e-03
1.9760000e+01		4.9927780e-02		-3.4061057e-03
1.9780000e+01		5.0363002e-02		-3.3981432e-03
1.9800000e+01		5.0796319e-02		-3.3900271e-03
1.9820000e+01		5.1227717e-02		-3.3817562e-03
1.9840000e+01		5.1657184e-02		-3.3733295e-03
1.9860000e+01		5.2084706e-02		-3.3647458e-03
1.9880000e+01		5.2510271e-02		-3.3560042e-03
1.9900000e+01		5.2933867e-02		-3.3471034e-03
1.9920000e+01		5.3355478e-02		-3.3380426e-03
1.9940000e+01		5.3775094e-02		-3.3288206e-03
1.9960000e+01		5.4192699e-02		-3.3194365e-03
1.9980000e+01		5.4608282e-02		-3.3098892e-03
2.0000000e+01		5.5021829e-02		-3.3001778e-03
2.0020000e+01		5.5433327e-02		-3.2903013e-03
2.0040000e+01		5.5842762e-02		-3.2802588e-03
2.0060000e+01		5.6250121e-02		-3.2700494e-03
2.0080000e+01		5.6655391e-02		-3.2596722e-03
2.0100000e+01		5.7058558e-02		-3.2491262e-03
2.0120000e+01		5.7459610e-02		-3.2384107e-03
2.0140000e+01		5.7858533e-02		-3.2275247e-03
2.0160000e+01		5.8255312e-02		-3.2164674e-03
2.0180000e+01		5.8649936e-02		-3.2052381e-03
2.0200000e+01		5.9042391e-02		-3.1938360e-03
2.0220000e+01		5.9432663e-02		-3.1822602e-03
2.0240000e+01		5.9820738e-02		-3.1705101e-03
2.0260000e+01		6.0206604e-02		-3.1585848e-03
2.0280000e+01		6.0590247e-02		-3.1464838e-03
2.0300000e+01		6.0971654e-02		-3.1342063e-03
2.0320000e+01		6.1350811e-02		-3.1217516e-03
2.0340000e+01		6.1727704e-02		-3.1091192e-03
2.0360000e+01		6.2102322e-02		-3.0963083e-03
2.0380000e+01		6.2474649e-02		-3.0833185e-03
2.0400000e+01		6.2844674e-02		-3.0701490e-03
2.0420000e+01		6.3212382e-02		-3.0567994e-03
2.0440000e+01		6.3577761e-02		-3.0432691e-03
2.0460000e+01		6.3940797e-02		-3.0295577e-03
2.0480000e+01		6.4301477e-02		-3.0156645e-03
2.0500000e+01		6.4659787e-02		-3.0015892e-03
2.0520000e+01		6.5015715e-02		-2.9873313e-03
2.0540000e+01		6.5369248e-02		-2.9728905e-03
2.0560000e+01		6.5720373e-02		-2.9582662e-03
2.0580000e+01		6.6069076e-02		-2.9434581e-03
2.0600000e+01		6.6415345e-02		-2.9284659e-03
2.0620000e+01		6.6759166e-02		-2.9132893e-03
2.0640000e+01		6.7100527e-02		-2.8979279e-03
2.0660000e+01		6.7439415e-02		-2.8823814e-03
2.0680000e+01		6.7775818e-02		-2.8666497e-03
2.0700000e+01		6.8109722e-02		-2.8507325e-03
2.0720000e+01		6.8441115e-02		-2.8346295e-03
2.0740000e+01		6.8769985e-02		-2.8183406e-03
2.0760000e+01		6.9096318e-02		-2.8018657e-03
2.0780000e+01		6.9420103e-02		-2.7852046e-03
2.0800000e+01		6.9741328e-02		-2.7683572e-03
2.0820000e+01		7.0059979e-02		-2.7513234e-03
2.0840000e+01		7.0376045e-02		-2.7341032e-03
2.0860000e+01		7.0689513e-02		-2.7166966e-03
2.0880000e+01		7.1000372e-02		-2.6991035e-03
2.0900000e+01		7.1308610e-02		-2.6813239e-03
2.0920000e+01		7.1614215e-02		-2.6633579e-03
2.0940000e+01		7.1917174e-02		-2.6452057e-03
2.0960000e+01		7.2217477e-02		-2.6268672e-03
2.0980000e+01		7.2515111e-02		-2.6083425e-03
2.1000000e+01		7.2810066e-02		-2.5896320e-03
2.1020000e+01		7.3102329e-02		-2.5707357e-03
2.1040000e+01		7.3391890e-02		-2.5516538e-03
2.1060000e+01		7.3678738e-02		-2.5323865e-03
2.1080000e+01		7.3962860e-02		-2.5129342e-03
2.1100000e+01		7.4244247e-02		-2.4932971e-03
2.1120000e+01		7.4522887e-02		-2.4734754e-03
2.1140000e+01		7.4798770e-02		-2.4534697e-03
2.1160000e+01		7.5071885e-02		-2.4332801e-03
2.1180000e+01		7.5342222e-02		-2.4129070e-03
2.1200000e+01		7.5609770e-02		-2.3923510e-03
2.1220000e+01		7.5874518e-02		-2.3716125e-03
2.1240000e+01		7.6136457e-02		-2.3506918e-03
2.1260000e+01		7.6395577e-02		-2.3295895e-03
2.1280000e+01		7.6651867e-02		-2.3083061e-03
2.1300000e+01		7.6905318e-02		-2.2868422e-03
2.1320000e+01		7.7155921e-02		-2.2651984e-03
2.1340000e+01		7.7403665e-02		-2.2433751e-03
2.1360000e+01		7.7648542e-02		-2.2213732e-03
2.1380000e+01		7.7890542e-02		-2.1991931e-03
2.1400000e+01		7.8129656e-02		-2.1768356e-03
2.1420000e+01		7.8365875e-02		-2.1543014e-03
2.1440000e+01		7.8599191e-02		-2.1315913e-03
2.1460000e+01		7.8829594e-02		-2.1087059e-03
2.1480000e+01		7.9057076e-02		-2.0856461e-03
2.1500000e+01		7.9281629e-02		-2.0624127e-03
2.1520000e+01		7.9503244e-02		-2.0390064e-03
2.1540000e+01		7.9721914e-02		-2.0154283e-03
2.1560000e+01		7.9937630e-02		-1.9916791e-03
2.1580000e+01		8.0150385e-02		-1.9677598e-03
2.1600000e+01		8.0360171e-02		-1.9436713e-03
2.1620000e+01		8.0566981e-02		-1.9194146e-03
2.1640000e+01		8.0770808e-02		-1.8949906e-03
2.1660000e+01		8.0971644e-02		-1.8704004e-03
2.1680000e+01		8.1169482e-02		-1.8456451e-03
2.1700000e+01		8.1364315e-02		-1.8207257e-03
2.1720000e+01		8.1556138e-02		-1.7956432e-03
2.1740000e+01		8.1744943e-02		-1.7703989e-03
2.1760000e+01		8.1930724e-02		-1.7449938e-03
2.1780000e+01		8.2113476e-02		-1.7194291e-03
2.1800000e+01		8.2293191e-02		-1.6937060e-03
2.1820000e+01		8.2469865e-02		-1.6678258e-03
2.1840000e+01		8.2643492e-02		-1.6417896e-03
2.1860000e+01		8.2814066e-02		-1.6155987e-03
2.1880000e+01		8.2981583e-02		-1.5892545e-03
2.1900000e+01		8.3146036e-02		-1.5627581e-03
2.1920000e+01		8.3307422e-02		-1.5361111e-03
2.1940000e+01		8.3465736e-02		-1.5093146e-03
2.1960000e+01		8.3620972e-02		-1.4823702e-03
2.1980000e+01		8.3773127e-02		-1.4552792e-03
2.2000000e+01		8.3922197e-02		-1.4280430e-03
2.2020000e+01		8.4068177e-02		-1.4006631e-03
2.2040000e+01		8.4211065e-02		-1.3731409e-03
2.2060000e+01		8.4350855e-02		-1.3454780e-03
2.2080000e+01		8.4487546e-02		-1.3176759e-03
2.2100000e+01		8.4621133e-02		-1.2897361e-03
2.2120000e+01		8.4751614e-02		-1.2616601e-03
2.2140000e+01		8.4878986e-02		-1.2334496e-03
2.2160000e+01		8.5003246e-02		-1.2051062e-03
2.2180000e+01		8.5124393e-02		-1.1766314e-03
2.2200000e+01		8.5242422e-02		-1.1480269e-03
2.2220000e+01		8.5357334e-02		-1.1192945e-03
2.2240000e+01		8.5469125e-02		-1.0904357e-03
2.2260000e+01		8.5577794e-02		-1.0614523e-03
2.2280000e+01		8.5683340e-02		-1.0323459e-03
2.2300000e+01		8.5785761e-02		-1.0031184e-03
2.2320000e+01		8.5885057e-02		-9.7377152e-04
2.2340000e+01		8.5981226e-02		-9.4430699e-04
2.2360000e+01		8.6074268e-02		-9.1472664e-04
2.2380000e+01		8.6164182e-02		-8.8503228e-04
2.2400000e+01		8.6250969e-02		-8.5522574e-04
2.2420000e+01		8.6334628e-02		-8.2530887e-04
2.2440000e+01		8.6415158e-02		-7.9528354e-04
2.2460000e+01		8.6492562e-02		-7.6515164e-04
2.2480000e+01		8.6566838e-02		-7.3491506e-04
2.2500000e+01		8.6637989e-02		-7.0457573e-04
2.2520000e+01		8.6706014e-02		-6.7413558e-04
2.2540000e+01		8.6770915e-02		-6.4359654e-04
2.2560000e+01		8.6832693e-02		-6.1296060e-04
2.2580000e+01		8.6891350e-02		-5.8222972e-04
2.2600000e+01		8.6946888e-02		-5.5140590e-04
2.2620000e+01		8.6999308e-02		-5.2049114e-04
2.2640000e+01		8.7048613e-02		-4.8948747e-04
2.2660000e+01		8.7094805e-02		-4.5839692e-04
2.2680000e+01		8.7137887e-02		-4.2722154e-04
2.2700000e+01		8.7177860e-02		-3.9596338e-04
2.2720000e+01		8.7214729e-02		-3.6462452e-04
2.2740000e+01		8.7248497e-02		-3.3320703e-04
2.2760000e+01		8.7279166e-02		-3.0171303e-04
2.2780000e+01		8.7306741e-02		-2.7014461e-04
2.2800000e+01		8.7331224e-02		-2.3850389e-04
2.2820000e+01		8.7352621e-02		-2.0679301e-04
2.2840000e+01		8.7370935e-02		-1.7501409e-04
2.2860000e+01		8.7386170e-02		-1.4316928e-04
2.2880000e+01		8.7398331e-02		-1.1126076e-04
2.2900000e+01		8.7407423e-02		-7.9290668e-05
2.2920000e+01		8.7413451e-02		-4.7261196e-05
2.2940000e+01		8.7416420e-02		-1.5174523e-05
2.2960000e+01		8.7416335e-02		1.6967160e-05
2.2980000e+01		8.7413201e-02		4.9161652e-05
2.3000000e+01		8.7407025e-02		8.1406749e-05
2.3020000e+01		8.7397813e-02		1.1370024e-04
2.3040000e+01		8.7385569e-02		1.4603990e-04
2.3060000e+01		8.7370302e-02		1.7842351e-04
2.3080000e+01		8.7352016e-02		2.1084884e-04
2.3100000e+01		8.7330719e-02		2.4331365e-04
2.3120000e+01		8.7306418e-02		2.7581570e-04
2.3140000e+01		8.7279120e-02		3.0835274e-04
2.3160000e+01		8.7248832e-02		3.4092254e-04
2.3180000e+01		8.7215561e-02		3.7352283e-04
2.3200000e+01		8.7179315e-02		4.0615135e-04
2.3220000e+01		8.7140102e-02		4.3880586e-04
2.3240000e+01		8.7097929e-02		4.7148410e-04
2.3260000e+01		8.7052806e-02		5.0418378e-04
2.3280000e+01		8.7004739e-02		5.3690267e-04
2.3300000e+01		8.6953739e-02		5.6963848e-04
2.3320000e+01		8.6899812e-02		6.0238895e-04
2.3340000e+01		8.6842969e-02		6.3515181e-04
2.3360000e+01		8.6783218e-02		6.6792481e-04
2.3380000e+01		8.6720569e-02		7.0070566e-04
2.3400000e+01		8.6655031e-02		7.3349211e-04
2.3420000e+01		8.6586612e-02		7.6628189e-04
2.3440000e+01		8.6515325e-02		7.9907274e-04
2.3460000e+01		8.6441177e-02		8.3186239e-04
2.3480000e+01		8.6364179e-02		8.6464859e-04
2.3500000e+01		8.6284342e-02		8.9742908e-04
2.3520000e+01		8.6201675e-02		9.3020160e-04
2.3540000e+01		8.6116189e-02		9.6296392e-04
2.3560000e+01		8.6027896e-02		9.9571377e-04
2.3580000e+01		8.5936805e-02		1.0284489e-03
2.3600000e+01		8.5842929e-02		1.0611671e-03
2.3620000e+01		8.5746277e-02		1.0938662e-03
2.3640000e+01		8.5646862e-02		1.1265438e-03
2.3660000e+01		8.5544694e-02		1.1591979e-03
2.3680000e+01		8.5439786e-02		1.1918260e-03
2.3700000e+01		8.5332150e-02		1.2244262e-03
2.3720000e+01		8.5221797e-02		1.2569961e-03
2.3740000e+01		8.5108739e-02		1.2895336e-03
2.3760000e+01		8.4992989e-02		1.3220364e-03
2.3780000e+01		8.4874559e-02		1.3545024e-03
2.3800000e+01		8.4753461e-02		1.3869295e-03
2.3820000e+01		8.4629708e-02		1.4193154e-03
2.3840000e+01		8.4503314e-02		1.4516580e-03
2.3860000e+01		8.4374290e-02		1.4839552e-03
2.3880000e+01		8.4242650e-02		1.5162048e-03
2.3900000e+01		8.4108408e-02		1.5484047e-03
2.3920000e+01		8.3971576e-02		1.5805527e-03
2.3940000e+01		8.3832168e-02		1.6126469e-03
2.3960000e+01		8.3690197e-02		1.6446850e-03
2.3980000e+01		8.3545678e-02		1.6766651e-03
2.4000000e+01		8.3398624e-02		1.7085850e-03
2.4020000e+01		8.3249049e-02		1.7404426e-03
2.4040000e+01		8.3096967e-02		1.7722360e-03
2.4060000e+01		8.2942392e-02		1.8039631e-03
2.4080000e+01		8.2785339e-02		1.8356219e-03
2.4100000e+01		8.2625822e-02		1.8672103e-03
2.4120000e+01		8.2463855e-02		1.8987264e-03
2.4140000e+01		8.2299453e-02		1.9301682e-03
2.4160000e+01		8.2132632e-02		1.9615337e-03
2.4180000e+01		8.1963405e-02		1.9928210e-03
2.4200000e+01		8.1791788e-02		2.0240282e-03
2.4220000e+01		8.1617795e-02		2.0551532e-03
2.4240000e+01		8.1441443e-02		2.0861942e-03
2.4260000e+01		8.1262745e-02		2.1171494e-03
2.4280000e+01		8.1081718e-02		2.1480168e-03
2.4300000e+01		8.0898377e-02		2.1787945e-03
2.4320000e+01		8.0712738e-02		2.2094808e-03
2.4340000e+01		8.0524815e-02		2.2400738e-03
2.4360000e+01		8.0334625e-02		2.2705717e-03
2.4380000e+01		8.0142184e-02		2.3009727e-03
2.4400000e+01		7.9947506e-02		2.3312750e-03
2.4420000e+01		7.9750610e-02		2.3614768e-03
2.4440000e+01		7.9551509e-02		2.3915765e-03
2.4460000e+01		7.9350221e-02		2.4215722e-03
2.4480000e+01		7.9146761e-02		2.4514624e-03
2.4500000e+01		7.8941146e-02		2.4812452e-03
2.4520000e+01		7.8733393e-02		2.5109190e-03
2.4540000e+01		7.8523516e-02		2.5404823e-03
2.4560000e+01		7.8311534e-02		2.5699332e-03
2.4580000e+01		7.8097462e-02		2.5992703e-03
2.4600000e+01		7.7881317e-02		2.6284920e-03
2.4620000e+01		7.7663115e-02		2.6575965e-03
2.4640000e+01		7.7442874e-02		2.6865825e-03
2.4660000e+01		7.7220610e-02		2.7154484e-03
2.4680000e+01		7.6996339e-02		2.7441926e-03
2.4700000e+01		7.6770079e-02		2.7728137e-03
2.4720000e+01		7.6541846e-02		2.8013102e-03
2.4740000e+01		7.6311658e-02		2.8296806e-03
2.4760000e+01		7.6079531e-02		2.8579235e-03
2.4780000e+01		7.5845483e-02		2.8860375e-03
2.4800000e+01		7.5609530e-02		2.9140211e-03
2.4820000e+01		7.5371689e-02		2.9418731e-03
2.4840000e+01		7.5131978e-02		2.9695921e-03
2.4860000e+01		7.4890414e-02		2.9971767e-03
2.4880000e+01		7.4647013e-02		3.0246257e-03
2.4900000e+01		7.4401794e-02		3.0519377e-03
2.4920000e+01		7.4154773e-02		3.0791115e-03
2.4940000e+01		7.3905968e-02		3.1061458e-03
2.4960000e+01		7.3655396e-02		3.1330395e-03
2.4980000e+01		7.3403074e-02		3.1597913e-03
2.5000000e+01		7.3149019e-02		3.1864001e-03
2.5020000e+01		7.2893250e-02		3.2128646e-03
2.5040000e+01		7.2635782e-02		3.2391838e-03
2.5060000e+01		7.2376635e-02		3.2653566e-03
2.5080000e+01		7.2115824e-02		3.2913819e-03
2.5100000e+01		7.1853368e-02		3.3172585e-03
2.5120000e+01		7.1589284e-02		3.3429855e-03
2.5140000e+01		7.1323588e-02		3.3685619e-03
2.5160000e+01		7.1056300e-02		3.3939866e-03
2.5180000e+01		7.0787435e-02		3.4192587e-03
2.5200000e+01		7.0517012e-02		3.4443772e-03
2.5220000e+01		7.0245048e-02		3.4693411e-03
2.5240000e+01		6.9971560e-02		3.4941497e-03
2.5260000e+01		6.9696565e-02		3.5188020e-03
2.5280000e+01		6.9420082e-02		3.5432971e-03
2.5300000e+01		6.9142127e-02		3.5676342e-03
2.5320000e+01		6.8862717e-02		3.5918125e-03
2.5340000e+01		6.8581871e-02		3.6158311e-03
2.5360000e+01		6.8299605e-02		3.6396894e-03
2.5380000e+01		6.8015937e-02		3.6633866e-03
2.5400000e+01		6.7730884e-02		3.6869219e-03
2.5420000e+01		6.7444463e-02		3.7102947e-03
2.5440000e+01		6.7156692e-02		3.7335042e-03
2.5460000e+01		6.6867587e-02		3.7565499e-03
2.5480000e+01		6.6577166e-02		3.7794310e-03
2.5500000e+01		6.6285447e-02		3.8021470e-03
2.5520000e+01		6.5992446e-02		3.8246973e-03
2.5540000e+01		6.5698180e-02		3.8470813e-03
2.5560000e+01		6.5402666e-02		3.8692985e-03
2.5580000e+01		6.5105922e-02		3.8913484e-03
2.5600000e+01		6.4807965e-02		3.9132304e-03
2.5620000e+01		6.4508811e-02		3.9349440e-03
2.5640000e+01		6.4208477e-02		3.9564890e-03
2.5660000e+01		6.3906981e-02		3.9778647e-03
2.5680000e+01		6.3604338e-02		3.9990708e-03
2.5700000e+01		6.3300567e-02		4.0201069e-03
2.5720000e+01		6.2995683e-02		4.0409727e-03
2.5740000e+01		6.2689704e-02		4.0616678e-03
2.5760000e+01		6.2382645e-02		4.0821919e-03
2.5780000e+01		6.2074524e-02		4.1025446e-03
2.5800000e+01		6.1765358e-02		4.1227258e-03
2.5820000e+01		6.1455162e-02		4.1427352e-03
2.5840000e+01		6.1143953e-02		4.1625724e-03
2.5860000e+01		6.0831747e-02		4.1822374e-03
2.5880000e+01		6.0518562e-02		4.2017300e-03
2.5900000e+01		6.0204412e-02		4.2210499e-03
2.5920000e+01		5.9889315e-02		4.2401970e-03
2.5940000e+01		5.9573286e-02		4.2591712e-03
2.5960000e+01		5.9256342e-02		4.2779724e-03
2.5980000e+01		5.8938498e-02		4.2966006e-03
2.6000000e+01		5.8619771e-02		4.3150556e-03
2.6020000e+01		5.8300177e-02		4.3333374e-03
2.6040000e+01		5.7979730e-02		4.3514460e-03
2.6060000e+01		5.7658448e-02		4.3693814e-03
2.6080000e+01		5.7336345e-02		4.3871436e-03
2.6100000e+01		5.7013437e-02		4.4047327e-03
2.6120000e+01		5.6689741e-02		4.4221486e-03
2.6140000e+01		5.6365270e-02		4.4393916e-03
2.6160000e+01		5.6040041e-02		4.4564617e-03
2.6180000e+01		5.5714070e-02		4.4733591e-03
2.6200000e+01		5.5387370e-02		4.4900838e-03
2.6220000e+01		5.5059958e-02		4.5066360e-03
2.6240000e+01		5.4731848e-02		4.5230159e-03
2.6260000e+01		5.4403056e-02		4.5392238e-03
2.6280000e+01		5.4073596e-02		4.5552598e-03
2.6300000e+01		5.3743484e-02		4.5711241e-03
2.6320000e+01		5.3412733e-02		4.5868171e-03
2.6340000e+01		5.3081359e-02		4.6023389e-03
2.6360000e+01		5.2749377e-02		4.6176900e-03
2.6380000e+01		5.2416800e-02		4.6328705e-03
2.6400000e+01		5.2083643e-02		4.6478809e-03
2.6420000e+01		5.1749921e-02		4.6627215e-03
2.6440000e+01		5.1415647e-02		4.6773926e-03
2.6460000e+01		5.1080836e-02		4.6918947e-03
2.6480000e+01		5.0745502e-02		4.7062281e-03
2.6500000e+01		5.0409659e-02		4.7203932e-03
2.6520000e+01		5.0073321e-02		4.7343906e-03
2.6540000e+01		4.9736501e-02		4.7482206e-03
2.6560000e+01		4.9399214e-02		4.7618837e-03
2.6580000e+01		4.9061472e-02		4.7753804e-03
2.6600000e+01		4.8723289e-02		4.7887111e-03
2.6620000e+01		4.8384680e-02		4.8018766e-03
2.6640000e+01		4.8045656e-02		4.8148771e-03
2.6660000e+01		4.7706231e-02		4.8277134e-03
2.6680000e+01		4.7366419e-02		4.8403860e-03
2.6700000e+01		4.7026232e-02		4.8528954e-03
2.6720000e+01		4.6685684e-02		4.8652423e-03
2.6740000e+01		4.6344786e-02		4.8774273e-03
2.6760000e+01		4.6003552e-02		4.8894509e-03
2.6780000e+01		4.5661995e-02		4.9013139e-03
2.6800000e+01		4.5320126e-02		4.9130169e-03
2.6820000e+01		4.4977959e-02		4.9245606e-03
2.6840000e+01		4.4635506e-02		4.9359457e-03
2.6860000e+01		4.4292778e-02		4.9471729e-03
2.6880000e+01		4.3949789e-02		4.9582428e-03
2.6900000e+01		4.3606549e-02		4.9691563e-03
2.6920000e+01		4.3263071e-02		4.9799140e-03
2.6940000e+01		4.2919367e-02		4.9905167e-03
2.6960000e+01		4.2575448e-02		5.0009653e-03
2.6980000e+01		4.2231326e-02		5.0112604e-03
2.7000000e+01		4.1887013e-02		5.0214029e-03
2.7020000e+01		4.1542519e-02		5.0313936e-03
2.7040000e+01		4.1197857e-02		5.0412333e-03
2.7060000e+01		4.0853037e-02		5.0509229e-03
2.7080000e+01		4.0508070e-02		5.0604632e-03
2.7100000e+01		4.0162967e-02		5.0698550e-03
2.7120000e+01		3.9817739e-02		5.0790992e-03
2.7140000e+01		3.9472398e-02		5.0881968e-03
2.7160000e+01		3.9126952e-02		5.0971486e-03
2.7180000e+01		3.8781414e-02		5.1059555e-03
2.7200000e+01		3.8435793e-02		5.1146184e-03
2.7220000e+01		3.8090100e-02		5.1231383e-03
2.7240000e+01		3.7744345e-02		5.1315162e-03
2.7260000e+01		3.7398537e-02		5.1397528e-03
2.7280000e+01		3.7052688e-02		5.1478493e-03
2.7300000e+01		3.6706806e-02		5.1558066e-03
2.7320000e+01		3.6360903e-02		5.1636257e-03
2.7340000e+01		3.6014986e-02		5.1713076e-03
2.7360000e+01		3.5669066e-02		5.1788532e-03
2.7380000e+01		3.5323153e-02		5.1862636e-03
2.7400000e+01		3.4977255e-02		5.1935398e-03
2.7420000e+01		3.4631382e-02		5.2006829e-03
2.7440000e+01		3.4285543e-02		5.2076938e-03
2.7460000e+01		3.3939746e-02		5.2145737e-03
2.7480000e+01		3.3594002e-02		5.2213236e-03
2.7500000e+01		3.3248318e-02		5.2279445e-03
2.7520000e+01		3.2902704e-02		5.2344376e-03
2.7540000e+01		3.2557167e-02		5.2408039e-03
2.7560000e+01		3.2211716e-02		5.2470445e-03
2.7580000e+01		3.1866360e-02		5.2531605e-03
2.7600000e+01		3.1521107e-02		5.2591530e-03
2.7620000e+01		3.1175965e-02		5.2650232e-03
2.7640000e+01		3.0830942e-02		5.2707722e-03
2.7660000e+01		3.0486046e-02		5.2764010e-03
2.7680000e+01		3.0141285e-02		5.2819109e-03
2.7700000e+01		2.9796666e-02		5.2873029e-03
2.7720000e+01		2.9452197e-02		5.2925783e-03
2.7740000e+01		2.9107885e-02		5.2977382e-03
2.7760000e+01		2.8763739e-02		5.3027837e-03
2.7780000e+01		2.8419764e-02		5.3077161e-03
2.7800000e+01		2.8075969e-02		5.3125365e-03
2.7820000e+01		2.7732360e-02		5.3172461e-03
2.7840000e+01		2.7388944e-02		5.3218460e-03
2.7860000e+01		2.7045728e-02		5.3263376e-03
2.7880000e+01		2.6702719e-02		5.3307219e-03
2.7900000e+01		2.6359923e-02		5.3350003e-03
2.7920000e+01		2.6017347e-02		5.3391739e-03
2.7940000e+01		2.5674998e-02		5.3432439e-03
2.7960000e+01		2.5332881e-02		5.3472116e-03
2.7980000e+01		2.4991003e-02		5.3510782e-03
2.8000000e+01		2.4649369e-02		5.3548449e-03
2.8020000e+01		2.4307987e-02		5.3585129e-03
2.8040000e+01		2.3966861e-02		5.3620836e-03
2.8060000e+01		2.3625998e-02		5.3655582e-03
2.8080000e+01		2.3285402e-02		5.3689379e-03
2.8100000e+01		2.2945081e-02		5.3722240e-03
2.8120000e+01		2.2605038e-02		5.3754177e-03
2.8140000e+01		2.2265280e-02		5.3785203e-03
2.8160000e+01		2.1925812e-02		5.3815331e-03
2.8180000e+01		2.1586638e-02		5.3844574e-03
2.8200000e+01		2.1247764e-02		5.3872944e-03
2.8220000e+01		2.0909195e-02		5.3900454e-03
2.8240000e+01		2.0570936e-02		5.3927118e-03
2.8260000e+01		2.0232991e-02		5.3952947e-03
2.8280000e+01		1.9895365e-02		5.3977955e-03
2.8300000e+01		1.9558063e-02		5.4002156e-03
2.8320000e+01		1.9221089e-02		5.4025561e-03
2.8340000e+01		1.8884446e-02		5.4048184e-03
2.8360000e+01		1.8548141e-02		5.4070038e-03
2.8380000e+01		1.8212176e-02		5.4091136e-03
2.8400000e+01		1.7876555e-02		5.4111491e-03
2.8420000e+01		1.7541283e-02		5.4131116e-03
2.8440000e+01		1.7206364e-02		5.4150025e-03
2.8460000e+01		1.6871800e-02		5.4168230e-03
2.8480000e+01		1.6537597e-02		5.4185746e-03
2.8500000e+01		1.6203756e-02		5.4202584e-03
2.8520000e+01		1.5870283e-02		5.4218759e-03
2.8540000e+01		1.5537179e-02		5.4234283e-03
2.8560000e+01		1.5204449e-02		5.4249171e-03
2.8580000e+01		1.4872095e-02		5.4263434e-03
2.8600000e+01		1.4540120e-02		5.4277087e-03
2.8620000e+01		1.4208528e-02		5.4290143e-03
2.8640000e+01		1.3877321e-02		5.4302615e-03
2.8660000e+01		1.3546503e-02		5.4314517e-03
2.8680000e+01		1.3216075e-02		5.4325862e-03
2.8700000e+01		1.2886040e-02		5.4336663e-03
2.8720000e+01		1.2556401e-02		5.4346934e-03
2.8740000e+01		1.2227160e-02		5.4356689e-03
2.8760000e+01		1.1898320e-02		5.4365940e-03
2.8780000e+01		1.1569882e-02		5.4374702e-03
2.8800000e+01		1.1241849e-02		5.4382987e-03
2.8820000e+01		1.0914223e-02		5.4390809e-03
2.8840000e+01		1.0587006e-02		5.4398182e-03
2.8860000e+01		1.0260199e-02		5.4405119e-03
2.8880000e+01		9.9338042e-03		5.4411634e-03
2.8900000e+01		9.6078236e-03		5.4417740e-03
2.8920000e+01		9.2822586e-03		5.4423451e-03
2.8940000e+01		8.9571106e-03		5.4428780e-03
2.8960000e+01		8.6323810e-03		5.4433741e-03
2.8980000e+01		8.3080712e-03		5.4438348e-03
2.9000000e+01		7.9841823e-03		5.4442613e-03
2.9020000e+01		7.6607155e-03		5.4446551e-03
2.9040000e+01		7.3376719e-03		5.4450174e-03
2.9060000e+01		7.0150523e-03		5.4453498e-03
2.9080000e+01		6.6928577e-03		5.4456534e-03
2.9100000e+01		6.3710889e-03		5.4459298e-03
2.9120000e+01		6.0497465e-03		5.4461801e-03
2.9140000e+01		5.7288313e-03		5.4464059e-03
2.9160000e+01		5.4083436e-03		5.4466084e-03
2.9180000e+01		5.0882841e-03		5.4467890e-03
2.9200000e+01		4.7686530e-03		5.4469491e-03
2.9220000e+01		4.4494507e-03		5.4470900e-03
2.9240000e+01		4.1306773e-03		5.4472131e-03
2.9260000e+01		3.8123331e-03		5.4473197e-03
2.9280000e+01		3.4944179e-03		5.4474113e-03
2.9300000e+01		3.1769319e-03		5.4474891e-03
2.9320000e+01		2.8598748e-03		5.4475546e-03
2.9340000e+01		2.5432465e-03		5.4476090e-03
2.9360000e+01		2.2270468e-03		5.4476538e-03
2.9380000e+01		1.9112752e-03		5.4476903e-03
2.9400000e+01		1.5959313e-03		5.4477198e-03
2.9420000e+01		1.2810147e-03		5.4477438e-03
2.9440000e+01		9.6652465e-04		5.4477636e-03
2.9460000e+01		6.5246060e-04		5.4477805e-03
2.9480000e+01		3.3882178e-04		5.4477959e-03
2.9500000e+01		2.5607372e-05		5.3084766e-03
2.9520000e+01		-2.7117265e-04		5.0290543e-03
2.9540000e+01		-5.5149601e-04		4.7484938e-03
2.9560000e+01		-8.1534303e-04		4.4668389e-03
2.9580000e+01		-1.0626967e-03		4.1841334e-03
2.9600000e+01		-1.2935426e-03		3.9004215e-03
2.9620000e+01		-1.5078690e-03		3.6157476e-03
2.9640000e+01		-1.7056667e-03		3.3301561e-03
2.9660000e+01		-1.8869292e-03		3.0436919e-03
2.9680000e+01		-2.0516526e-03		2.7563999e-03
2.9700000e+01		-2.1998356e-03		2.4683252e-03
2.9720000e+01		-2.3314795e-03		2.1795132e-03
2.9740000e+01		-2.4465883e-03		1.8900094e-03
2.9760000e+01		-2.5451684e-03		1.5998595e-03
2.9780000e+01		-2.6272291e-03		1.3091092e-03
2.9800000e+01		-2.6927821e-03		1.0178045e-03
2.9820000e+01		-2.7418416e-03		7.2599153e-04
2.9840000e+01		-2.7744246e-03		4.3371659e-04
2.9860000e+01		-2.7905505e-03		1.4102602e-04
2.9880000e+01		-2.7902414e-03		-1.5203367e-04
2.9900000e+01		-2.7735219e-03		-4.4541586e-04
2.9920000e+01		-2.7404192e-03		-7.3907382e-04
2.9940000e+01		-2.6909629e-03		-1.0329607e-03
2.9960000e+01		-2.6251853e-03		-1.3270297e-03
2.9980000e+01		-2.5431211e-03		-1.6212337e-03
3.0000000e+01		-2.4448078e-03		-1.9155257e-03
3.0020000e+01		-2.3302850e-03		-2.2098584e-03
3.0040000e+01		-2.1995950e-03		-2.5041848e-03
3.0060000e+01		-2.0527827e-03		-2.7984575e-03
3.0080000e+01		-1.8898953e-03		-3.0926292e-03
3.0100000e+01		-1.7109826e-03		-3.3866526e-03
3.0120000e+01		-1.5160967e-03		-3.6804803e-03
3.0140000e+01		-1.3052924e-03		-3.9740649e-03
3.0160000e+01		-1.0786265e-03		-4.2673590e-03
3.0180000e+01		-8.3615879e-04		-4.5603151e-03
3.0200000e+01		-5.7795100e-04		-4.8528858e-03
3.0220000e+01		-3.0406746e-04		-5.1450237e-03
3.0240000e+01		-1.4574847e-05		-5.2910816e-03
3.0260000e+01		2.7453582e-04		-5.2910941e-03
3.0280000e+01		5.6326520e-04		-5.2911041e-03
3.0300000e+01		8.5161388e-04		-5.2911105e-03
3.0320000e+01		1.1395824e-03		-5.2911120e-03
3.0340000e+01		1.4271712e-03		-5.2911075e-03
3.0360000e+01		1.7143806e-03		-5.2910957e-03
3.0380000e+01		2.0012111e-03		-5.2910754e-03
3.0400000e+01		2.2876628e-03		-5.2910454e-03
3.0420000e+01		2.5737359e-03		-5.2910044e-03
3.0440000e+01		2.8594306e-03		-5.2909513e-03
3.0460000e+01		3.1447469e-03		-5.2908848e-03
3.0480000e+01		3.4296848e-03		-5.2908036e-03
3.0500000e+01		3.7142442e-03		-5.2907066e-03
3.0520000e+01		3.9984251e-03		-5.2905926e-03
3.0540000e+01		4.2822272e-03		-5.2904603e-03
3.0560000e+01		4.5656501e-03		-5.2903085e-03
3.0580000e+01		4.8486937e-03		-5.2901360e-03
3.0600000e+01		5.1313576e-03		-5.2899416e-03
3.0620000e+01		5.4136412e-03		-5.2897240e-03
3.0640000e+01		5.6955440e-03		-5.2894820e-03
3.0660000e+01		5.9770655e-03		-5.2892144e-03
3.0680000e+01		6.2582051e-03		-5.2889201e-03
3.0700000e+01		6.5389620e-03		-5.2885977e-03
3.0720000e+01		6.8193354e-03		-5.2882460e-03
3.0740000e+01		7.0993247e-03		-5.2878639e-03
3.0760000e+01		7.3789288e-03		-5.2874501e-03
3.0780000e+01		7.6581468e-03		-5.2870034e-03
3.0800000e+01		7.9369778e-03		-5.2865226e-03
3.0820000e+01		8.2154207e-03		-5.2860064e-03
3.0840000e+01		8.4934743e-03		-5.2854537e-03
3.0860000e+01		8.7711375e-03		-5.2848632e-03
3.0880000e+01		9.0484090e-03		-5.2842338e-03
3.0900000e+01		9.3252876e-03		-5.2835641e-03
3.0920000e+01		9.6017719e-03		-5.2828531e-03
3.0940000e+01		9.8778605e-03		-5.2820994e-03
3.0960000e+01		1.0153552e-02		-5.2813019e-03
3.0980000e+01		1.0428845e-02		-5.2804594e-03
3.1000000e+01		1.0703737e-02		-5.2795706e-03
3.1020000e+01		1.0978228e-02		-5.2786344e-03
3.1040000e+01		1.1252315e-02		-5.2776495e-03
3.1060000e+01		1.1525996e-02		-5.2766147e-03
3.1080000e+01		1.1799271e-02		-5.2755289e-03
3.1100000e+01		1.2072136e-02		-5.2743908e-03
3.1120000e+01		1.2344591e-02		-5.2731992e-03
3.1140000e+01		1.2616633e-02		-5.2719530e-03
3.1160000e+01		1.2888259e-02		-5.2706508e-03
3.1180000e+01		1.3159469e-02		-5.2692916e-03
3.1200000e+01		1.3430260e-02		-5.2678741e-03
3.1220000e+01		1.3700630e-02		-5.2663972e-03
3.1240000e+01		1.3970576e-02		-5.2648596e-03
3.1260000e+01		1.4240097e-02		-5.2632601e-03
3.1280000e+01		1.4509189e-02		-5.2615976e-03
3.1300000e+01		1.4777852e-02		-5.2598709e-03
3.1320000e+01		1.5046081e-02		-5.2580787e-03
3.1340000e+01		1.5313875e-02		-5.2562200e-03
3.1360000e+01		1.5581231e-02		-5.2542935e-03
3.1380000e+01		1.5848147e-02		-5.2522980e-03
3.1400000e+01		1.6114619e-02		-5.2502324e-03
3.1420000e+01		1.6380646e-02		-5.2480954e-03
3.1440000e+01		1.6646224e-02		-5.2458860e-03
3.1460000e+01		1.6911352e-02		-5.2436029e-03
3.1480000e+01		1.7176025e-02		-5.2412450e-03
3.1500000e+01		1.7440241e-02		-5.2388111e-03
3.1520000e+01		1.7703998e-02		-5.2363000e-03
3.1540000e+01		1.7967292e-02		-5.2337107e-03
3.1560000e+01		1.8230120e-02		-5.2310418e-03
3.1580000e+01		1.8492479e-02		-5.2282924e-03
3.1600000e+01		1.8754366e-02		-5.2254611e-03
3.1620000e+01		1.9015779e-02		-5.2225470e-03
3.1640000e+01		1.9276713e-02		-5.2195487e-03
3.1660000e+01		1.9537165e-02		-5.2164653e-03
3.1680000e+01		1.9797133e-02		-5.2132955e-03
3.1700000e+01		2.0056613e-02		-5.2100382e-03
3.1720000e+01		2.0315602e-02		-5.2066923e-03
3.1740000e+01		2.0574096e-02		-5.2032567e-03
3.1760000e+01		2.0832091e-02		-5.1997302e-03
3.1780000e+01		2.1089585e-02		-5.1961117e-03
3.1800000e+01		2.1346574e-02		-5.1924001e-03
3.1820000e+01		2.1603054e-02		-5.1885943e-03
3.1840000e+01		2.1859021e-02		-5.1846932e-03
3.1860000e+01		2.2114473e-02		-5.1806956e-03
3.1880000e+01		2.2369405e-02		-5.1766006e-03
3.1900000e+01		2.2623813e-02		-5.1724068e-03
3.1920000e+01		2.2877694e-02		-5.1681134e-03
3.1940000e+01		2.3131045e-02		-5.1637192e-03
3.1960000e+01		2.3383860e-02		-5.1592231e-03
3.1980000e+01		2.3636137e-02		-5.1546240e-03
3.2000000e+01		2.3887871e-02		-5.1499209e-03
3.2020000e+01		2.4139059e-02		-5.1451127e-03
3.2040000e+01		2.4389696e-02		-5.1401984e-03
3.2060000e+01		2.4639779e-02		-5.1351768e-03
3.2080000e+01		2.4889303e-02		-5.1300470e-03
3.2100000e+01		2.5138265e-02		-5.1248078e-03
3.2120000e+01		2.5386659e-02		-5.1194583e-03
3.2140000e+01		2.5634483e-02		-5.1139974e-03
3.2160000e+01		2.5881732e-02		-5.1084240e-03
3.2180000e+01		2.6128401e-02		-5.1027373e-03
3.2200000e+01		2.6374487e-02		-5.0969360e-03
3.2220000e+01		2.6619985e-02		-5.0910193e-03
3.2240000e+01		2.6864890e-02		-5.0849862e-03
3.2260000e+01		2.7109200e-02		-5.0788355e-03
3.2280000e+01		2.7352908e-02		-5.0725664e-03
3.2300000e+01		2.7596011e-02		-5.0661778e-03
3.2320000e+01		2.7838504e-02		-5.0596687e-03
3.2340000e+01		2.8080383e-02		-5.0530383e-03
3.2360000e+01		2.8321644e-02		-5.0462855e-03
3.2380000e+01		2.8562281e-02		-5.0394093e-03
3.2400000e+01		2.8802290e-02		-5.0324089e-03
3.2420000e+01		2.9041668e-02		-5.0252832e-03
3.2440000e+01		2.9280408e-02		-5.0180314e-03
3.2460000e+01		2.9518507e-02		-5.0106524e-03
3.2480000e+01		2.9755959e-02		-5.0031454e-03
3.2500000e+01		2.9992761e-02		-4.9955095e-03
3.2520000e+01		3.0228907e-02		-4.9877437e-03
3.2540000e+01		3.0464392e-02		-4.9798472e-03
3.2560000e+01		3.0699213e-02		-4.9718190e-03
3.2580000e+01		3.0933364e-02		-4.9636583e-03
3.2600000e+01		3.1166840e-02		-4.9553642e-03
3.2620000e+01		3.1399637e-02		-4.9469359e-03
3.2640000e+01		3.1631750e-02		-4.9383724e-03
3.2660000e+01		3.1863173e-02		-4.9296729e-03
3.2680000e+01		3.2093903e-02		-4.9208366e-03
3.2700000e+01		3.2323933e-02		-4.9118626e-03
3.2720000e+01		3.2553260e-02		-4.9027502e-03
3.2740000e+01		3.2781878e-02		-4.8934984e-03
3.2760000e+01		3.3009782e-02		-4.8841066e-03
3.2780000e+01		3.3236968e-02		-4.8745738e-03
3.2800000e+01		3.3463430e-02		-4.8648994e-03
3.2820000e+01		3.3689164e-02		-4.8550825e-03
3.2840000e+01		3.3914163e-02		-4.8451223e-03
3.2860000e+01		3.4138424e-02		-4.8350182e-03
3.2880000e+01		3.4361942e-02		-4.8247693e-03
3.2900000e+01		3.4584710e-02		-4.8143749e-03
3.2920000e+01		3.4806724e-02		-4.8038342e-03
3.2940000e+01		3.5027980e-02		-4.7931467e-03
3.2960000e+01		3.5248471e-02		-4.7823115e-03
3.2980000e+01		3.5468194e-02		-4.7713279e-03
3.3000000e+01		3.5687141e-02		-4.7601953e-03
3.3020000e+01		3.5905310e-02		-4.7489130e-03
3.3040000e+01		3.6122693e-02		-4.7374802e-03
3.3060000e+01		3.6339287e-02		-4.7258965e-03
3.3080000e+01		3.6555086e-02		-4.7141610e-03
3.3100000e+01		3.6770085e-02		-4.7022732e-03
3.3120000e+01		3.6984279e-02		-4.6902325e-03
3.3140000e+01		3.7197662e-02		-4.6780382e-03
3.3160000e+01		3.7410229e-02		-4.6656897e-03
3.3180000e+01		3.7621975e-02		-4.6531865e-03
3.3200000e+01		3.7832895e-02		-4.6405279e-03
3.3220000e+01		3.8042984e-02		-4.6277135e-03
3.3240000e+01		3.8252236e-02		-4.6147425e-03
3.3260000e+01		3.8460646e-02		-4.6016146e-03
3.3280000e+01		3.8668210e-02		-4.5883291e-03
3.3300000e+01		3.8874921e-02		-4.5748855e-03
3.3320000e+01		3.9080774e-02		-4.5612834e-03
3.3340000e+01		3.9285765e-02		-4.5475222e-03
3.3360000e+01		3.9489887e-02		-4.5336015e-03
3.3380000e+01		3.9693137e-02		-4.5195207e-03
3.3400000e+01		3.9895508e-02		-4.5052795e-03
3.3420000e+01		4.0096995e-02		-4.4908773e-03
3.3440000e+01		4.0297593e-02		-4.4763138e-03
3.3460000e+01		4.0497297e-02		-4.4615885e-03
3.3480000e+01		4.0696102e-02		-4.4467010e-03
3.3500000e+01		4.0894001e-02		-4.4316509e-03
3.3520000e+01		4.1090991e-02		-4.4164379e-03
3.3540000e+01		4.1287066e-02		-4.4010615e-03
3.3560000e+01		4.1482221e-02		-4.3855215e-03
3.3580000e+01		4.1676450e-02		-4.3698174e-03
3.3600000e+01		4.1869748e-02		-4.3539489e-03
3.3620000e+01		4.2062110e-02		-4.3379158e-03
3.3640000e+01		4.2253531e-02		-4.3217177e-03
3.3660000e+01		4.2444005e-02		-4.3053543e-03
3.3680000e+01		4.2633528e-02		-4.2888254e-03
3.3700000e+01		4.2822094e-02		-4.2721306e-03
3.3720000e+01		4.3009698e-02		-4.2552699e-03
3.3740000e+01		4.3196336e-02		-4.2382428e-03
3.3760000e+01		4.3382001e-02		-4.2210493e-03
3.3780000e+01		4.3566688e-02		-4.2036890e-03
3.3800000e+01		4.3750394e-02		-4.1861618e-03
3.3820000e+01		4.3933111e-02		-4.1684676e-03
3.3840000e+01		4.4114836e-02		-4.1506062e-03
3.3860000e+01		4.4295564e-02		-4.1325773e-03
3.3880000e+01		4.4475288e-02		-4.1143810e-03
3.3900000e+01		4.4654005e-02		-4.0960170e-03
3.3920000e+01		4.4831708e-02		-4.0774853e-03
3.3940000e+01		4.5008394e-02		-4.0587858e-03
3.3960000e+01		4.5184057e-02		-4.0399184e-03
3.3980000e+01		4.5358692e-02		-4.0208830e-03
3.4000000e+01		4.5532294e-02		-4.0016796e-03
3.4020000e+01		4.5704858e-02		-3.9823082e-03
3.4040000e+01		4.5876379e-02		-3.9627688e-03
3.4060000e+01		4.6046853e-02		-3.9430613e-03
3.4080000e+01		4.6216274e-02		-3.9231858e-03
3.4100000e+01		4.6384637e-02		-3.9031423e-03
3.4120000e+01		4.6551938e-02		-3.8829308e-03
3.4140000e+01		4.6718172e-02		-3.8625515e-03
3.4160000e+01		4.6883334e-02		-3.8420043e-03
3.4180000e+01		4.7047420e-02		-3.8212894e-03
3.4200000e+01		4.7210423e-02		-3.8004069e-03
3.4220000e+01		4.7372341e-02		-3.7793570e-03
3.4240000e+01		4.7533167e-02		-3.7581396e-03
3.4260000e+01		4.7692898e-02		-3.7367551e-03
3.4280000e+01		4.7851528e-02		-3.7152035e-03
3.4300000e+01		4.8009053e-02		-3.6934851e-03
3.4320000e+01		4.8165469e-02		-3.6716000e-03
3.4340000e+01		4.8320771e-02		-3.6495486e-03
3.4360000e+01		4.8474953e-02		-3.6273309e-03
3.4380000e+01		4.8628013e-02		-3.6049472e-03
3.4400000e+01		4.8779944e-02		-3.5823979e-03
3.4420000e+01		4.8930744e-02		-3.5596832e-03
3.4440000e+01		4.9080406e-02		-3.5368033e-03
3.4460000e+01		4.9228928e-02		-3.5137586e-03
3.4480000e+01		4.9376304e-02		-3.4905495e-03
3.4500000e+01		4.9522530e-02		-3.4671762e-03
3.4520000e+01		4.9667602e-02		-3.4436391e-03
3.4540000e+01		4.9811516e-02		-3.4199387e-03
3.4560000e+01		4.9954267e-02		-3.3960751e-03
3.4580000e+01		5.0095850e-02		-3.3720490e-03
3.4600000e+01		5.0236263e-02		-3.3478607e-03
3.4620000e+01		5.0375501e-02		-3.3235106e-03
3.4640000e+01		5.0513559e-02		-3.2989992e-03
3.4660000e+01		5.0650433e-02		-3.2743269e-03
3.4680000e+01		5.0786120e-02		-3.2494943e-03
3.4700000e+01		5.0920616e-02		-3.2245018e-03
3.4720000e+01		5.1053916e-02		-3.1993500e-03
3.4740000e+01		5.1186017e-02		-3.1740393e-03
3.4760000e+01		5.1316914e-02		-3.1485704e-03
3.4780000e+01		5.1446605e-02		-3.1229437e-03
3.4800000e+01		5.1575084e-02		-3.0971600e-03
3.4820000e+01		5.1702348e-02		-3.0712196e-03
3.4840000e+01		5.1828394e-02		-3.0451233e-03
3.4860000e+01		5.1953218e-02		-3.0188717e-03
3.4880000e+01		5.2076816e-02		-2.9924655e-03
3.4900000e+01		5.2199185e-02		-2.9659052e-03
3.4920000e+01		5.2320321e-02		-2.9391915e-03
3.4940000e+01		5.2440220e-02		-2.9123252e-03
3.4960000e+01		5.2558879e-02		-2.8853069e-03
3.4980000e+01		5.2676294e-02		-2.8581374e-03
3.5000000e+01		5.2792463e-02		-2.8308174e-03
3.5020000e+01		5.2907381e-02		-2.8033475e-03
3.5040000e+01		5.3021046e-02		-2.7757287e-03
3.5060000e+01		5.3133454e-02		-2.7479616e-03
3.5080000e+01		5.3244602e-02		-2.7200471e-03
3.5100000e+01		5.3354487e-02		-2.6919859e-03
3.5120000e+01		5.3463106e-02		-2.6637790e-03
3.5140000e+01		5.3570455e-02		-2.6354270e-03
3.5160000e+01		5.3676532e-02		-2.6069309e-03
3.5180000e+01		5.3781334e-02		-2.5782916e-03
3.5200000e+01		5.3884857e-02		-2.5495098e-03
3.5220000e+01		5.3987098e-02		-2.5205866e-03
3.5240000e+01		5.4088056e-02		-2.4915228e-03
3.5260000e+01		5.4187727e-02		-2.4623194e-03
3.5280000e+01		5.4286109e-02		-2.4329772e-03
3.5300000e+01		5.4383198e-02		-2.4034973e-03
3.5320000e+01		5.4478992e-02		-2.3738806e-03
3.5340000e+01		5.4573488e-02		-2.3441280e-03
3.5360000e+01		5.4666685e-02		-2.3142407e-03
3.5380000e+01		5.4758579e-02		-2.2842195e-03
3.5400000e+01		5.4849168e-02		-2.2540656e-03
3.5420000e+01		5.4938449e-02		-2.2237799e-03
3.5440000e+01		5.5026421e-02		-2.1933635e-03
3.5460000e+01		5.5113081e-02		-2.1628175e-03
3.5480000e+01		5.5198427e-02		-2.1321429e-03
3.5500000e+01		5.5282456e-02		-2.1013408e-03
3.5520000e+01		5.5365167e-02		-2.0704124e-03
3.5540000e+01		5.5446557e-02		-2.0393588e-03
3.5560000e+01		5.5526624e-02		-2.0081810e-03
3.5580000e+01		5.5605367e-02		-1.9768803e-03
3.5600000e+01		5.5682784e-02		-1.9454578e-03
3.5620000e+01		5.5758872e-02		-1.9139146e-03
3.5640000e+01		5.5833630e-02		-1.8822519e-03
3.5660000e+01		5.5907056e-02		-1.8504710e-03
3.5680000e+01		5.5979149e-02		-1.8185730e-03
3.5700000e+01		5.6049907e-02		-1.7865592e-03
3.5720000e+01		5.6119327e-02		-1.7544308e-03
3.5740000e+01		5.6187410e-02		-1.7221890e-03
3.5760000e+01		5.6254153e-02		-1.6898351e-03
3.5780000e+01		5.6319555e-02		-1.6573703e-03
3.5800000e+01		5.6383614e-02		-1.6247960e-03
3.5820000e+01		5.6446329e-02		-1.5921134e-03
3.5840000e+01		5.6507700e-02		-1.5593239e-03
3.5860000e+01		5.6567724e-02		-1.5264286e-03
3.5880000e+01		5.6626401e-02		-1.4934290e-03
3.5900000e+01		5.6683730e-02		-1.4603264e-03
3.5920000e+01		5.6739709e-02		-1.4271222e-03
3.5940000e+01		5.6794339e-02		-1.3938176e-03
3.5960000e+01		5.6847616e-02		-1.3604141e-03
3.5980000e+01		5.6899542e-02		-1.3269131e-03
3.6000000e+01		5.6950116e-02		-1.2933158e-03
3.6020000e+01		5.6999335e-02		-1.2596238e-03
3.6040000e+01		5.7047201e-02		-1.2258384e-03
3.6060000e+01		5.7093712e-02		-1.1919611e-03
3.6080000e+01		5.7138867e-02		-1.1579932e-03
3.6100000e+01		5.7182667e-02		-1.1239362e-03
3.6120000e+01		5.7225111e-02		-1.0897915e-03
3.6140000e+01		5.7266198e-02		-1.0555607e-03
3.6160000e+01		5.7305929e-02		-1.0212451e-03
3.6180000e+01		5.7344302e-02		-9.8684629e-04
3.6200000e+01		5.7381319e-02		-9.5236567e-04
3.6220000e+01		5.7416978e-02		-9.1780475e-04
3.6240000e+01		5.7451279e-02		-8.8316503e-04
3.6260000e+01		5.7484223e-02		-8.4844801e-04
3.6280000e+01		5.7515810e-02		-8.1365521e-04
3.6300000e+01		5.7546040e-02		-7.7878815e-04
3.6320000e+01		5.7574913e-02		-7.4384835e-04
3.6340000e+01		5.7602429e-02		-7.0883736e-04
3.6360000e+01		5.7628588e-02		-6.7375670e-04
3.6380000e+01		5.7653392e-02		-6.3860794e-04
3.6400000e+01		5.7676840e-02		-6.0339264e-04
3.6420000e+01		5.7698932e-02		-5.6811234e-04
3.6440000e+01		5.7719670e-02		-5.3276863e-04
3.6460000e+01		5.7739054e-02		-4.9736307e-04
3.6480000e+01		5.7757085e-02		-4.6189726e-04
3.6500000e+01		5.7773763e-02		-4.2637278e-04
3.6520000e+01		5.7789089e-02		-3.9079122e-04
3.6540000e+01		5.7803064e-02		-3.5515418e-04
3.6560000e+01		5.7815689e-02		-3.1946328e-04
3.6580000e+01		5.7826964e-02		-2.8372011e-04
3.6600000e+01		5.7836892e-02		-2.4792630e-04
3.6620000e+01		5.7845472e-02		-2.1208346e-04
3.6640000e+01		5.7852707e-02		-1.7619322e-04
3.6660000e+01		5.7858597e-02		-1.4025721e-04
3.6680000e+01		5.7863143e-02		-1.0427707e-04
3.6700000e+01		5.7866347e-02		-6.8254426e-05
3.6720000e+01		5.7868211e-02		-3.2190926e-05
3.6740000e+01		5.7868735e-02		3.9117853e-06
3.6760000e+01		5.7867921e-02		4.0052058e-05
3.6780000e+01		5.7865771e-02		7.6228240e-05
3.6800000e+01		5.7862286e-02		1.1243868e-04
3.6820000e+01		5.7857468e-02		1.4868171e-04
3.6840000e+01		5.7851319e-02		1.8495567e-04
3.6860000e+01		5.7843840e-02		2.2125891e-04
3.6880000e+01		5.7835034e-02		2.5758974e-04
3.6900000e+01		5.7824902e-02		2.9394651e-04
3.6920000e+01		5.7813446e-02		3.3032755e-04
3.6940000e+01		5.7800668e-02		3.6673118e-04
3.6960000e+01		5.7786570e-02		4.0315572e-04
3.6980000e+01		5.7771155e-02		4.3959951e-04
3.7000000e+01		5.7754425e-02		4.7606086e-04
3.7020000e+01		5.7736381e-02		5.1253810e-04
3.7040000e+01		5.7717026e-02		5.4902954e-04
3.7060000e+01		5.7696363e-02		5.8553352e-04
3.7080000e+01		5.7674394e-02		6.2204835e-04
3.7100000e+01		5.7651121e-02		6.5857234e-04
3.7120000e+01		5.7626547e-02		6.9510383e-04
3.7140000e+01		5.7600674e-02		7.3164112e-04
3.7160000e+01		5.7573505e-02		7.6818255e-04
3.7180000e+01		5.7545043e-02		8.0472642e-04
3.7200000e+01		5.7515291e-02		8.4127107e-04
3.7220000e+01		5.7484251e-02		8.7781481e-04
3.7240000e+01		5.7451926e-02		9.1435597e-04
3.7260000e+01		5.7418319e-02		9.5089288e-04
3.7280000e+01		5.7383433e-02		9.8742385e-04
3.7300000e+01		5.7347271e-02		1.0239472e-03
3.7320000e+01		5.7309836e-02		1.0604613e-03
3.7340000e+01		5.7271131e-02		1.0969645e-03
3.7360000e+01		5.7231160e-02		1.1334550e-03
3.7380000e+01		5.7189925e-02		1.1699313e-03
3.7400000e+01		5.7147429e-02		1.2063917e-03
3.7420000e+01		5.7103677e-02		1.2428344e-03
3.7440000e+01		5.7058672e-02		1.2792579e-03
3.7460000e+01		5.7012416e-02		1.3156605e-03
3.7480000e+01		5.6964914e-02		1.3520406e-03
3.7500000e+01		5.6916168e-02		1.3883965e-03
3.7520000e+01		5.6866183e-02		1.4247265e-03
3.7540000e+01		5.6814963e-02		1.4610291e-03
3.7560000e+01		5.6762509e-02		1.4973026e-03
3.7580000e+01		5.6708828e-02		1.5335453e-03
3.7600000e+01		5.6653921e-02		1.5697557e-03
3.7620000e+01		5.6597793e-02		1.6059321e-03
3.7640000e+01		5.6540449e-02		1.6420729e-03
3.7660000e+01		5.6481891e-02		1.6781765e-03
3.7680000e+01		5.6422124e-02		1.7142413e-03
3.7700000e+01		5.6361151e-02		1.7502657e-03
3.7720000e+01		5.6298977e-02		1.7862480e-03
3.7740000e+01		5.6235606e-02		1.8221868e-03
3.7760000e+01		5.6171042e-02		1.8580804e-03
3.7780000e+01		5.6105290e-02		1.8939273e-03
3.7800000e+01		5.6038352e-02		1.9297258e-03
3.7820000e+01		5.5970234e-02		1.9654744e-03
3.7840000e+01		5.5900940e-02		2.0011716e-03
3.7860000e+01		5.5830474e-02		2.0368158e-03
3.7880000e+01		5.5758841e-02		2.0724054e-03
3.7900000e+01		5.5686045e-02		2.1079390e-03
3.7920000e+01		5.5612091e-02		2.1434149e-03
3.7940000e+01		5.5536982e-02		2.1788317e-03
3.7960000e+01		5.5460725e-02		2.2141879e-03
3.7980000e+01		5.5383322e-02		2.2494819e-03
3.8000000e+01		5.5304779e-02		2.2847122e-03
3.8020000e+01		5.5225101e-02		2.3198774e-03
3.8040000e+01		5.5144292e-02		2.3549759e-03
3.8060000e+01		5.5062357e-02		2.3900063e-03
3.8080000e+01		5.4979300e-02		2.4249671e-03
3.8100000e+01		5.4895128e-02		2.4598569e-03
3.8120000e+01		5.4809843e-02		2.4946742e-03
3.8140000e+01		5.4723452e-02		2.5294175e-03
3.8160000e+01		5.4635959e-02		2.5640855e-03
3.8180000e+01		5.4547370e-02		2.5986767e-03
3.8200000e+01		5.4457689e-02		2.6331897e-03
3.8220000e+01		5.4366920e-02		2.6676230e-03
3.8240000e+01		5.4275071e-02		2.7019754e-03
3.8260000e+01		5.4182144e-02		2.7362453e-03
3.8280000e+01		5.4088147e-02		2.7704315e-03
3.8300000e+01		5.3993083e-02		2.8045325e-03
3.8320000e+01		5.3896958e-02		2.8385470e-03
3.8340000e+01		5.3799777e-02		2.8724737e-03
3.8360000e+01		5.3701545e-02		2.9063112e-03
3.8380000e+01		5.3602269e-02		2.9400582e-03
3.8400000e+01		5.3501952e-02		2.9737133e-03
3.8420000e+01		5.3400601e-02		3.0072753e-03
3.8440000e+01		5.3298221e-02		3.0407429e-03
3.8460000e+01		5.3194816e-02		3.0741148e-03
3.8480000e+01		5.3090394e-02		3.1073897e-03
3.8500000e+01		5.2984958e-02		3.1405664e-03
3.8520000e+01		5.2878515e-02		3.1736435e-03
3.8540000e+01		5.2771071e-02		3.2066199e-03
3.8560000e+01		5.2662630e-02		3.2394944e-03
3.8580000e+01		5.2553198e-02		3.2722657e-03
3.8600000e+01		5.2442781e-02		3.3049326e-03
3.8620000e+01		5.2331384e-02		3.3374939e-03
3.8640000e+01		5.2219014e-02		3.3699485e-03
3.8660000e+01		5.2105675e-02		3.4022951e-03
3.8680000e+01		5.1991374e-02		3.4345327e-03
3.8700000e+01		5.1876116e-02		3.4666600e-03
3.8720000e+01		5.1759907e-02		3.4986759e-03
3.8740000e+01		5.1642752e-02		3.5305794e-03
3.8760000e+01		5.1524658e-02		3.5623692e-03
3.8780000e+01		5.1405631e-02		3.5940444e-03
3.8800000e+01		5.1285675e-02		3.6256038e-03
3.8820000e+01		5.1164797e-02		3.6570463e-03
3.8840000e+01		5.1043003e-02		3.6883710e-03
3.8860000e+01		5.0920299e-02		3.7195766e-03
3.8880000e+01		5.0796690e-02		3.7506623e-03
3.8900000e+01		5.0672182e-02		3.7816270e-03
3.8920000e+01		5.0546782e-02		3.8124697e-03
3.8940000e+01		5.0420495e-02		3.8431893e-03
3.8960000e+01		5.0293328e-02		3.8737850e-03
3.8980000e+01		5.0165285e-02		3.9042556e-03
3.9000000e+01		5.0036374e-02		3.9346004e-03
3.9020000e+01		4.9906600e-02		3.9648183e-03
3.9040000e+01		4.9775970e-02		3.9949084e-03
3.9060000e+01		4.9644488e-02		4.0248698e-03
3.9080000e+01		4.9512162e-02		4.0547016e-03
3.9100000e+01		4.9378997e-02		4.0844029e-03
3.9120000e+01		4.9245000e-02		4.1139729e-03
3.9140000e+01		4.9110176e-02		4.1434106e-03
3.9160000e+01		4.8974531e-02		4.1727152e-03
3.9180000e+01		4.8838073e-02		4.2018858e-03
3.9200000e+01		4.8700806e-02		4.2309218e-03
3.9220000e+01		4.8562737e-02		4.2598222e-03
3.9240000e+01		4.8423872e-02		4.2885862e-03
3.9260000e+01		4.8284217e-02		4.3172131e-03
3.9280000e+01		4.8143778e-02		4.3457022e-03
3.9300000e+01		4.8002562e-02		4.3740526e-03
3.9320000e+01		4.7860575e-02		4.4022636e-03
3.9340000e+01		4.7717822e-02		4.4303345e-03
3.9360000e+01		4.7574310e-02		4.4582645e-03
3.9380000e+01		4.7430045e-02		4.4860531e-03
3.9400000e+01		4.7285034e-02		4.5136995e-03
3.9420000e+01		4.7139282e-02		4.5412030e-03
3.9440000e+01		4.6992795e-02		4.5685629e-03
3.9460000e+01		4.6845580e-02		4.5957787e-03
3.9480000e+01		4.6697644e-02		4.6228498e-03
3.9500000e+01		4.6548991e-02		4.6497754e-03
3.9520000e+01		4.6399629e-02		4.6765550e-03
3.9540000e+01		4.6249563e-02		4.7031880e-03
3.9560000e+01		4.6098800e-02		4.7296738e-03
3.9580000e+01		4.5947346e-02		4.7560119e-03
3.9600000e+01		4.5795208e-02		4.7822018e-03
3.9620000e+01		4.5642390e-02		4.8082428e-03
3.9640000e+01		4.5488900e-02		4.8341346e-03
3.9660000e+01		4.5334744e-02		4.8598765e-03
3.9680000e+01		4.5179928e-02		4.8854682e-03
3.9700000e+01		4.5024457e-02		4.9109090e-03
3.9720000e+01		4.4868340e-02		4.9361987e-03
3.9740000e+01		4.4711580e-02		4.9613366e-03
3.9760000e+01		4.4554185e-02		4.9863225e-03
3.9780000e+01		4.4396161e-02		5.0111558e-03
3.9800000e+01		4.4237514e-02		5.0358362e-03
3.9820000e+01		4.4078250e-02		5.0603633e-03
3.9840000e+01		4.3918376e-02		5.0847367e-03
3.9860000e+01		4.3757897e-02		5.1089560e-03
3.9880000e+01		4.3596819e-02		5.1330209e-03
3.9900000e+01		4.3435149e-02		5.1569311e-03
3.9920000e+01		4.3272893e-02		5.1806862e-03
3.9940000e+01		4.3110057e-02		5.2042859e-03
3.9960000e+01		4.2946647e-02		5.2277300e-03
3.9980000e+01		4.2782670e-02		5.2510182e-03
4.0000000e+01		4.2618130e-02		0.0000000e+00
