0.0000000e+00		1.0000000e+00		0.0000000e+00
2.0000000e-02		9.9993334e-01		1.0659562e-09
4.0000000e-02		9.9973351e-01		8.5210514e-09
6.0000000e-02		9.9940077e-01		2.8728330e-08
8.0000000e-02		9.9893550e-01		6.8004177e-08
1.0000000e-01		9.9833821e-01		1.3259837e-07
1.2000000e-01		9.9760952e-01		2.2867453e-07
1.4000000e-01		9.9675019e-01		3.6229110e-07
1.6000000e-01		9.9576109e-01		5.3938287e-07
1.8000000e-01		9.9464322e-01		7.6574326e-07
2.0000000e-01		9.9339769e-01		1.0470073e-06
2.2000000e-01		9.9202571e-01		1.3886354e-06
2.4000000e-01		9.9052861e-01		1.7958984e-06
2.6000000e-01		9.8890783e-01		2.2738629e-06
2.8000000e-01		9.8716490e-01		2.8273785e-06
3.0000000e-01		9.8530148e-01		3.4610653e-06
3.2000000e-01		9.8331928e-01		4.1793033e-06
3.4000000e-01		9.8122013e-01		4.9862221e-06
3.6000000e-01		9.7900594e-01		5.8856930e-06
3.8000000e-01		9.7667870e-01		6.8813209e-06
4.0000000e-01		9.7424048e-01		7.9764385e-06
4.2000000e-01		9.7169342e-01		9.1741011e-06
4.4000000e-01		9.6903974e-01		1.0477083e-05
4.6000000e-01		9.6628171e-01		1.1887875e-05
4.8000000e-01		9.6342165e-01		1.3408683e-05
5.0000000e-01		9.6046197e-01		1.5041426e-05
5.2000000e-01		9.5740508e-01		1.6787741e-05
5.4000000e-01		9.5425348e-01		1.8648981e-05
5.6000000e-01		9.5100968e-01		2.0626219e-05
5.8000000e-01		9.4767624e-01		2.2720253e-05
6.0000000e-01		9.4425574e-01		2.4931609e-05
6.2000000e-01		9.4075080e-01		2.7260547e-05
6.4000000e-01		9.3716403e-01		2.9707071e-05
6.6000000e-01		9.3349809e-01		3.2270929e-05
6.8000000e-01		9.2975564e-01		3.4951629e-05
7.0000000e-01		9.2593935e-01		3.7748439e-05
7.2000000e-01		9.2205188e-01		4.0660403e-05
7.4000000e-01		9.1809591e-01		4.3686349e-05
7.6000000e-01		9.1407410e-01		4.6824893e-05
7.8000000e-01		9.0998911e-01		5.0074459e-05
8.0000000e-01		9.0584358e-01		5.3433279e-05
8.2000000e-01		9.0164016e-01		5.6899413e-05
8.4000000e-01		8.9738144e-01		6.0470753e-05
8.6000000e-01		8.9307004e-01		6.4145038e-05
8.8000000e-01		8.8870851e-01		6.7919864e-05
9.0000000e-01		8.8429939e-01		7.1792694e-05
9.2000000e-01		8.7984521e-01		7.5760868e-05
9.4000000e-01		8.7534844e-01		7.9821617e-05
9.6000000e-01		8.7081153e-01		8.3972072e-05
9.8000000e-01		8.6623689e-01		8.8209275e-05
1.0000000e+00		8.6162689e-01		9.2530188e-05
1.0200000e+00		8.5698387e-01		9.6931705e-05
1.0400000e+00		8.5231012e-01		1.0141066e-04
1.0600000e+00		8.4760788e-01		1.0596384e-04
1.0800000e+00		8.4287937e-01		1.1058798e-04
1.1000000e+00		8.3812675e-01		1.1527981e-04
1.1200000e+00		8.3335212e-01		1.2003600e-04
1.1400000e+00		8.2855755e-01		1.2485325e-04
1.1600000e+00		8.2374506e-01		1.2972821e-04
1.1800000e+00		8.1891663e-01		1.3465756e-04
1.2000000e+00		8.1407417e-01		1.3963797e-04
1.2200000e+00		8.0921955e-01		1.4466614e-04
1.2400000e+00		8.0435459e-01		1.4973878e-04
1.2600000e+00		7.9948107e-01		1.5485263e-04
1.2800000e+00		7.9460071e-01		1.6000446e-04
1.3000000e+00		7.8971518e-01		1.6519108e-04
1.3200000e+00		7.8482609e-01		1.7040934e-04
1.3400000e+00		7.7993503e-01		1.7565614e-04
1.3600000e+00		7.7504350e-01		1.8092842e-04
1.3800000e+00		7.7015300e-01		1.8622319e-04
1.4000000e+00		7.6526493e-01		1.9153750e-04
1.4200000e+00		7.6038068e-01		1.9686848e-04
1.4400000e+00		7.5550156e-01		2.0221331e-04
1.4600000e+00		7.5062888e-01		2.0756924e-04
1.4800000e+00		7.4576384e-01		2.1293358e-04
1.5000000e+00		7.4090766e-01		2.1830371e-04
1.5200000e+00		7.3606146e-01		2.2367709e-04
1.5400000e+00		7.3122634e-01		2.2905126e-04
1.5600000e+00		7.2640337e-01		2.3442380e-04
1.5800000e+00		7.2159354e-01		2.3979240e-04
1.6000000e+00		7.1679784e-01		2.4515480e-04
1.6200000e+00		7.1201718e-01		2.5050883e-04
1.6400000e+00		7.0725246e-01		2.5585238e-04
1.6600000e+00		7.0250453e-01		2.6118342e-04
1.6800000e+00		6.9777419e-01		2.6650002e-04
1.7000000e+00		6.9306221e-01		2.7180027e-04
1.7200000e+00		6.8836933e-01		2.7708239e-04
1.7400000e+00		6.8369626e-01		2.8234465e-04
1.7600000e+00		6.7904364e-01		2.8758537e-04
1.7800000e+00		6.7441212e-01		2.9280298e-04
1.8000000e+00		6.6980229e-01		2.9799596e-04
1.8200000e+00		6.6521471e-01		3.0316286e-04
1.8400000e+00		6.6064993e-01		3.0830231e-04
1.8600000e+00		6.5610843e-01		3.1341299e-04
1.8800000e+00		6.5159070e-01		3.1849365e-04
1.9000000e+00		6.4709718e-01		3.2354313e-04
1.9200000e+00		6.4262829e-01		3.2856029e-04
1.9400000e+00		6.3818441e-01		3.3354409e-04
1.9600000e+00		6.3376592e-01		3.3849353e-04
1.9800000e+00		6.2937315e-01		3.4340768e-04
2.0000000e+00		6.2500641e-01		3.4828565e-04
2.0200000e+00		6.2066601e-01		3.5312662e-04
2.0400000e+00		6.1635220e-01		3.5792983e-04
2.0600000e+00		6.1206523e-01		3.6269455e-04
2.0800000e+00		6.0780534e-01		3.6742013e-04
2.1000000e+00		6.0357272e-01		3.7210595e-04
2.1200000e+00		5.9936756e-01		3.7675144e-04
2.1400000e+00		5.9519003e-01		3.8135608e-04
2.1600000e+00		5.9104028e-01		3.8591940e-04
2.1800000e+00		5.8691844e-01		3.9044097e-04
2.2000000e+00		5.8282462e-01		3.9492038e-04
2.2200000e+00		5.7875893e-01		3.9935731e-04
2.2400000e+00		5.7472144e-01		4.0375143e-04
2.2600000e+00		5.7071222e-01		4.0810247e-04
2.2800000e+00		5.6673134e-01		4.1241020e-04
2.3000000e+00		5.6277882e-01		4.1667441e-04
2.3200000e+00		5.5885469e-01		4.2089493e-04
2.3400000e+00		5.5495898e-01		4.2507163e-04
2.3600000e+00		5.5109168e-01		4.2920440e-04
2.3800000e+00		5.4725278e-01		4.3329317e-04
2.4000000e+00		5.4344227e-01		4.3733789e-04
2.4200000e+00		5.3966011e-01		4.4133852e-04
2.4400000e+00		5.3590626e-01		4.4529509e-04
2.4600000e+00		5.3218068e-01		4.4920761e-04
2.4800000e+00		5.2848331e-01		4.5307614e-04
2.5000000e+00		5.2481407e-01		4.5690076e-04
2.5200000e+00		5.2117290e-01		4.6068155e-04
2.5400000e+00		5.1755970e-01		4.6441863e-04
2.5600000e+00		5.1397439e-01		4.6811214e-04
2.5800000e+00		5.1041688e-01		4.7176222e-04
2.6000000e+00		5.0688705e-01		4.7536906e-04
2.6200000e+00		5.0338479e-01		4.7893283e-04
2.6400000e+00		4.9990999e-01		4.8245374e-04
2.6600000e+00		4.9646253e-01		4.8593200e-04
2.6800000e+00		4.9304228e-01		4.8936784e-04
2.7000000e+00		4.8964910e-01		4.9276150e-04
2.7200000e+00		4.8628286e-01		4.9611324e-04
2.7400000e+00		4.8294342e-01		4.9942333e-04
2.7600000e+00		4.7963062e-01		5.0269203e-04
2.7800000e+00		4.7634433e-01		5.0591965e-04
2.8000000e+00		4.7308438e-01		5.0910646e-04
2.8200000e+00		4.6985063e-01		5.1225279e-04
2.8400000e+00		4.6664290e-01		5.1535893e-04
2.8600000e+00		4.6346103e-01		5.1842521e-04
2.8800000e+00		4.6030487e-01		5.2145195e-04
2.9000000e+00		4.5717424e-01		5.2443950e-04
2.9200000e+00		4.5406897e-01		5.2738818e-04
2.9400000e+00		4.5098888e-01		5.3029834e-04
2.9600000e+00		4.4793381e-01		5.3317034e-04
2.9800000e+00		4.4490358e-01		5.3600452e-04
3.0000000e+00		4.4189800e-01		5.3880123e-04
3.0200000e+00		4.3891689e-01		5.4156085e-04
3.0400000e+00		4.3596009e-01		5.4428374e-04
3.0600000e+00		4.3302740e-01		5.4697025e-04
3.0800000e+00		4.3011864e-01		5.4962077e-04
3.1000000e+00		4.2723362e-01		5.5223565e-04
3.1200000e+00		4.2437217e-01		5.5481528e-04
3.1400000e+00		4.2153409e-01		5.5736003e-04
3.1600000e+00		4.1871920e-01		5.5987027e-04
3.1800000e+00		4.1592731e-01		5.6234638e-04
3.2000000e+00		4.1315824e-01		5.6478873e-04
3.2200000e+00		4.1041180e-01		5.6719770e-04
3.2400000e+00		4.0768780e-01		5.6957366e-04
3.2600000e+00		4.0498605e-01		5.7191700e-04
3.2800000e+00		4.0230636e-01		5.7422809e-04
3.3000000e+00		3.9964856e-01		5.7650730e-04
3.3200000e+00		3.9701245e-01		5.7875501e-04
3.3400000e+00		3.9439784e-01		5.8097159e-04
3.3600000e+00		3.9180456e-01		5.8315741e-04
3.3800000e+00		3.8923241e-01		5.8531284e-04
3.4000000e+00		3.8668120e-01		5.8743826e-04
3.4200000e+00		3.8415076e-01		5.8953402e-04
3.4400000e+00		3.8164090e-01		5.9160050e-04
3.4600000e+00		3.7915143e-01		5.9363805e-04
3.4800000e+00		3.7668218e-01		5.9564704e-04
3.5000000e+00		3.7423296e-01		5.9762783e-04
3.5200000e+00		3.7180358e-01		5.9958077e-04
3.5400000e+00		3.6939388e-01		6.0150622e-04
3.5600000e+00		3.6700367e-01		6.0340453e-04
3.5800000e+00		3.6463277e-01		6.0527605e-04
3.6000000e+00		3.6228100e-01		6.0712112e-04
3.6200000e+00		3.5994819e-01		6.0894010e-04
3.6400000e+00		3.5763416e-01		6.1073331e-04
3.6600000e+00		3.5533874e-01		6.1250110e-04
3.6800000e+00		3.5306176e-01		6.1424381e-04
3.7000000e+00		3.5080303e-01		6.1596176e-04
3.7200000e+00		3.4856240e-01		6.1765529e-04
3.7400000e+00		3.4633969e-01		6.1932472e-04
3.7600000e+00		3.4413473e-01		6.2097037e-04
3.7800000e+00		3.4194736e-01		6.2259257e-04
3.8000000e+00		3.3977740e-01		6.2419162e-04
3.8200000e+00		3.3762470e-01		6.2576785e-04
3.8400000e+00		3.3548909e-01		6.2732157e-04
3.8600000e+00		3.3337041e-01		6.2885308e-04
3.8800000e+00		3.3126849e-01		6.3036268e-04
3.9000000e+00		3.2918317e-01		6.3185068e-04
3.9200000e+00		3.2711431e-01		6.3331737e-04
3.9400000e+00		3.2506173e-01		6.3476305e-04
3.9600000e+00		3.2302529e-01		6.3618801e-04
3.9800000e+00		3.2100482e-01		6.3759253e-04
4.0000000e+00		3.1900018e-01		6.3897690e-04
4.0200000e+00		3.1701122e-01		6.4034141e-04
4.0400000e+00		3.1503777e-01		6.4168632e-04
4.0600000e+00		3.1307970e-01		6.4301191e-04
4.0800000e+00		3.1113685e-01		6.4431845e-04
4.1000000e+00		3.0920908e-01		6.4560622e-04
4.1200000e+00		3.0729625e-01		6.4687547e-04
4.1400000e+00		3.0539820e-01		6.4812646e-04
4.1600000e+00		3.0351479e-01		6.4935946e-04
4.1800000e+00		3.0164589e-01		6.5057472e-04
4.2000000e+00		2.9979135e-01		6.5177249e-04
4.2200000e+00		2.9795103e-01		6.5295302e-04
4.2400000e+00		2.9612480e-01		6.5411656e-04
4.2600000e+00		2.9431252e-01		6.5526333e-04
4.2800000e+00		2.9251406e-01		6.5639360e-04
4.3000000e+00		2.9072928e-01		6.5750758e-04
4.3200000e+00		2.8895804e-01		6.5860552e-04
4.3400000e+00		2.8720022e-01		6.5968765e-04
4.3600000e+00		2.8545570e-01		6.6075418e-04
4.3800000e+00		2.8372433e-01		6.6180535e-04
4.4000000e+00		2.8200599e-01		6.6284137e-04
4.4200000e+00		2.8030056e-01		6.6386247e-04
4.4400000e+00		2.7860791e-01		6.6486885e-04
4.4600000e+00		2.7692792e-01		6.6586073e-04
4.4800000e+00		2.7526046e-01		6.6683832e-04
4.5000000e+00		2.7360542e-01		6.6780183e-04
4.5200000e+00		2.7196268e-01		6.6875146e-04
4.5400000e+00		2.7033211e-01		6.6968740e-04
4.5600000e+00		2.6871360e-01		6.7060986e-04
4.5800000e+00		2.6710703e-01		6.7151903e-04
4.6000000e+00		2.6551229e-01		6.7241511e-04
4.6200000e+00		2.6392926e-01		6.7329829e-04
4.6400000e+00		2.6235784e-01		6.7416874e-04
4.6600000e+00		2.6079791e-01		6.7502666e-04
4.6800000e+00		2.5924935e-01		6.7587223e-04
4.7000000e+00		2.5771207e-01		6.7670563e-04
4.7200000e+00		2.5618595e-01		6.7752703e-04
4.7400000e+00		2.5467089e-01		6.7833661e-04
4.7600000e+00		2.5316677e-01		6.7913455e-04
4.7800000e+00		2.5167351e-01		6.7992100e-04
4.8000000e+00		2.5019098e-01		6.8069614e-04
4.8200000e+00		2.4871910e-01		6.8146014e-04
4.8400000e+00		2.4725775e-01		6.8221315e-04
4.8600000e+00		2.4580684e-01		6.8295533e-04
4.8800000e+00		2.4436627e-01		6.8368685e-04
4.9000000e+00		2.4293594e-01		6.8440785e-04
4.9200000e+00		2.4151576e-01		6.8511850e-04
4.9400000e+00		2.4010562e-01		6.8581894e-04
4.9600000e+00		2.3870544e-01		6.8650932e-04
4.9800000e+00		2.3731512e-01		6.8718979e-04
5.0000000e+00		2.3593456e-01		6.8786049e-04
5.0200000e+00		2.3456368e-01		6.8852157e-04
5.0400000e+00		2.3320237e-01		6.8917317e-04
5.0600000e+00		2.3185057e-01		6.8981541e-04
5.0800000e+00		2.3050816e-01		6.9044845e-04
5.1000000e+00		2.2917507e-01		6.9107242e-04
5.1200000e+00		2.2785121e-01		6.9168744e-04
5.1400000e+00		2.2653650e-01		6.9229366e-04
5.1600000e+00		2.2523083e-01		6.9289119e-04
5.1800000e+00		2.2393415e-01		6.9348016e-04
5.2000000e+00		2.2264635e-01		6.9406070e-04
5.2200000e+00		2.2136735e-01		6.9463294e-04
5.2400000e+00		2.2009708e-01		6.9519699e-04
5.2600000e+00		2.1883546e-01		6.9575297e-04
5.2800000e+00		2.1758240e-01		6.9630100e-04
5.3000000e+00		2.1633782e-01		6.9684120e-04
5.3200000e+00		2.1510166e-01		6.9737368e-04
5.3400000e+00		2.1387382e-01		6.9789856e-04
5.3600000e+00		2.1265423e-01		6.9841594e-04
5.3800000e+00		2.1144282e-01		6.9892593e-04
5.4000000e+00		2.1023951e-01		6.9942865e-04
5.4200000e+00		2.0904423e-01		6.9992419e-04
5.4400000e+00		2.0785690e-01		7.0041267e-04
5.4600000e+00		2.0667746e-01		7.0089419e-04
5.4800000e+00		2.0550582e-01		7.0136884e-04
5.5000000e+00		2.0434193e-01		7.0183673e-04
5.5200000e+00		2.0318570e-01		7.0229796e-04
5.5400000e+00		2.0203707e-01		7.0275259e-04
5.5600000e+00		2.0089598e-01		7.0320076e-04
5.5800000e+00		1.9976235e-01		7.0364257e-04
5.6000000e+00		1.9863611e-01		7.0407810e-04
5.6200000e+00		1.9751720e-01		7.0450744e-04
5.6400000e+00		1.9640555e-01		7.0493068e-04
5.6600000e+00		1.9530110e-01		7.0534791e-04
5.6800000e+00		1.9420379e-01		7.0575921e-04
5.7000000e+00		1.9311354e-01		7.0616467e-04
5.7200000e+00		1.9203031e-01		7.0656438e-04
5.7400000e+00		1.9095401e-01		7.0695842e-04
5.7600000e+00		1.8988460e-01		7.0734687e-04
5.7800000e+00		1.8882201e-01		7.0772982e-04
5.8000000e+00		1.8776618e-01		7.0810734e-04
5.8200000e+00		1.8671705e-01		7.0847951e-04
5.8400000e+00		1.8567457e-01		7.0884642e-04
5.8600000e+00		1.8463867e-01		7.0920813e-04
5.8800000e+00		1.8360929e-01		7.0956473e-04
5.9000000e+00		1.8258638e-01		7.0991628e-04
5.9200000e+00		1.8156989e-01		7.1026286e-04
5.9400000e+00		1.8055975e-01		7.1060455e-04
5.9600000e+00		1.7955591e-01		7.1094141e-04
5.9800000e+00		1.7855831e-01		7.1127352e-04
6.0000000e+00		1.7756691e-01		7.1160094e-04
6.0200000e+00		1.7658164e-01		7.1192374e-04
6.0400000e+00		1.7560246e-01		7.1224199e-04
6.0600000e+00		1.7462931e-01		7.1255575e-04
6.0800000e+00		1.7366214e-01		7.1286510e-04
6.1000000e+00		1.7270090e-01		7.1317008e-04
6.1200000e+00		1.7174553e-01		7.1347078e-04
6.1400000e+00		1.7079599e-01		7.1376724e-04
6.1600000e+00		1.6985223e-01		7.1405954e-04
6.1800000e+00		1.6891420e-01		7.1434772e-04
6.2000000e+00		1.6798184e-01		7.1463186e-04
6.2200000e+00		1.6705511e-01		7.1491201e-04
6.2400000e+00		1.6613397e-01		7.1518822e-04
6.2600000e+00		1.6521836e-01		7.1546056e-04
6.2800000e+00		1.6430824e-01		7.1572907e-04
6.3000000e+00		1.6340355e-01		7.1599383e-04
6.3200000e+00		1.6250427e-01		7.1625487e-04
6.3400000e+00		1.6161034e-01		7.1651226e-04
6.3600000e+00		1.6072171e-01		7.1676604e-04
6.3800000e+00		1.5983834e-01		7.1701628e-04
6.4000000e+00		1.5896019e-01		7.1726301e-04
6.4200000e+00		1.5808721e-01		7.1750629e-04
6.4400000e+00		1.5721936e-01		7.1774618e-04
6.4600000e+00		1.5635660e-01		7.1798271e-04
6.4800000e+00		1.5549888e-01		7.1821595e-04
6.5000000e+00		1.5464617e-01		7.1844593e-04
6.5200000e+00		1.5379842e-01		7.1867270e-04
6.5400000e+00		1.5295559e-01		7.1889632e-04
6.5600000e+00		1.5211764e-01		7.1911681e-04
6.5800000e+00		1.5128453e-01		7.1933424e-04
6.6000000e+00		1.5045622e-01		7.1954865e-04
6.6200000e+00		1.4963267e-01		7.1976007e-04
6.6400000e+00		1.4881385e-01		7.1996855e-04
6.6600000e+00		1.4799971e-01		7.2017414e-04
6.6800000e+00		1.4719021e-01		7.2037687e-04
6.7000000e+00		1.4638532e-01		7.2057679e-04
6.7200000e+00		1.4558500e-01		7.2077394e-04
6.7400000e+00		1.4478922e-01		7.2096835e-04
6.7600000e+00		1.4399793e-01		7.2116008e-04
6.7800000e+00		1.4321111e-01		7.2134914e-04
6.8000000e+00		1.4242870e-01		7.2153560e-04
6.8200000e+00		1.4165069e-01		7.2171947e-04
6.8400000e+00		1.4087703e-01		7.2190080e-04
6.8600000e+00		1.4010769e-01		7.2207963e-04
6.8800000e+00		1.3934264e-01		7.2225599e-04
6.9000000e+00		1.3858184e-01		7.2242992e-04
6.9200000e+00		1.3782525e-01		7.2260145e-04
6.9400000e+00		1.3707284e-01		7.2277062e-04
6.9600000e+00		1.3632459e-01		7.2293746e-04
6.9800000e+00		1.3558045e-01		7.2310200e-04
7.0000000e+00		1.3484040e-01		7.2326429e-04
7.0200000e+00		1.3410441e-01		7.2342434e-04
7.0400000e+00		1.3337243e-01		7.2358219e-04
7.0600000e+00		1.3264444e-01		7.2373788e-04
7.0800000e+00		1.3192041e-01		7.2389144e-04
7.1000000e+00		1.3120031e-01		7.2404289e-04
7.1200000e+00		1.3048410e-01		7.2419227e-04
7.1400000e+00		1.2977176e-01		7.2433961e-04
7.1600000e+00		1.2906326e-01		7.2448493e-04
7.1800000e+00		1.2835856e-01		7.2462826e-04
7.2000000e+00		1.2765765e-01		7.2476964e-04
7.2200000e+00		1.2696047e-01		7.2490910e-04
7.2400000e+00		1.2626702e-01		7.2504665e-04
7.2600000e+00		1.2557726e-01		7.2518233e-04
7.2800000e+00		1.2489116e-01		7.2531616e-04
7.3000000e+00		1.2420870e-01		7.2544818e-04
7.3200000e+00		1.2352984e-01		7.2557840e-04
7.3400000e+00		1.2285456e-01		7.2570685e-04
7.3600000e+00		1.2218284e-01		7.2583356e-04
7.3800000e+00		1.2151464e-01		7.2595856e-04
7.4000000e+00		1.2084993e-01		7.2608186e-04
7.4200000e+00		1.2018870e-01		7.2620350e-04
7.4400000e+00		1.1953092e-01		7.2632349e-04
7.4600000e+00		1.1887655e-01		7.2644187e-04
7.4800000e+00		1.1822558e-01		7.2655864e-04
7.5000000e+00		1.1757797e-01		7.2667385e-04
7.5200000e+00		1.1693371e-01		7.2678750e-04
7.5400000e+00		1.1629277e-01		7.2689963e-04
7.5600000e+00		1.1565512e-01		7.2701025e-04
7.5800000e+00		1.1502074e-01		7.2711938e-04
7.6000000e+00		1.1438961e-01		7.2722705e-04
7.6200000e+00		1.1376169e-01		7.2733328e-04
7.6400000e+00		1.1313697e-01		7.2743809e-04
7.6600000e+00		1.1251543e-01		7.2754150e-04
7.6800000e+00		1.1189704e-01		7.2764353e-04
7.7000000e+00		1.1128177e-01		7.2774420e-04
7.7200000e+00		1.1066960e-01		7.2784352e-04
7.7400000e+00		1.1006052e-01		7.2794153e-04
7.7600000e+00		1.0945450e-01		7.2803823e-04
7.7800000e+00		1.0885151e-01		7.2813365e-04
7.8000000e+00		1.0825153e-01		7.2822781e-04
7.8200000e+00		1.0765455e-01		7.2832072e-04
7.8400000e+00		1.0706054e-01		7.2841240e-04
7.8600000e+00		1.0646948e-01		7.2850287e-04
7.8800000e+00		1.0588134e-01		7.2859214e-04
7.9000000e+00		1.0529612e-01		7.2868024e-04
7.9200000e+00		1.0471378e-01		7.2876718e-04
7.9400000e+00		1.0413430e-01		7.2885298e-04
7.9600000e+00		1.0355767e-01		7.2893766e-04
7.9800000e+00		1.0298386e-01		7.2902122e-04
8.0000000e+00		1.0241285e-01		7.2910369e-04
8.0200000e+00		1.0184463e-01		7.2918508e-04
8.0400000e+00		1.0127918e-01		7.2926541e-04
8.0600000e+00		1.0071647e-01		7.2934470e-04
8.0800000e+00		1.0015648e-01		7.2942295e-04
8.1000000e+00		9.9599199e-02		7.2950019e-04
8.1200000e+00		9.9044606e-02		7.2957642e-04
8.1400000e+00		9.8492681e-02		7.2965167e-04
8.1600000e+00		9.7943405e-02		7.2972594e-04
8.1800000e+00		9.7396759e-02		7.2979926e-04
8.2000000e+00		9.6852726e-02		7.2987163e-04
8.2200000e+00		9.6311287e-02		7.2994307e-04
8.2400000e+00		9.5772424e-02		7.3001359e-04
8.2600000e+00		9.5236118e-02		7.3008321e-04
8.2800000e+00		9.4702353e-02		7.3015194e-04
8.3000000e+00		9.4171111e-02		7.3021979e-04
8.3200000e+00		9.3642374e-02		7.3028677e-04
8.3400000e+00		9.3116125e-02		7.3035290e-04
8.3600000e+00		9.2592347e-02		7.3041819e-04
8.3800000e+00		9.2071022e-02		7.3048265e-04
8.4000000e+00		9.1552135e-02		7.3054630e-04
8.4200000e+00		9.1035667e-02		7.3060914e-04
8.4400000e+00		9.0521604e-02		7.3067119e-04
8.4600000e+00		9.0009928e-02		7.3073246e-04
8.4800000e+00		8.9500623e-02		7.3079295e-04
8.5000000e+00		8.8993673e-02		7.3085269e-04
8.5200000e+00		8.8489062e-02		7.3091169e-04
8.5400000e+00		8.7986774e-02		7.3096994e-04
8.5600000e+00		8.7486794e-02		7.3102747e-04
8.5800000e+00		8.6989106e-02		7.3108429e-04
8.6000000e+00		8.6493695e-02		7.3114040e-04
8.6200000e+00		8.6000544e-02		7.3119581e-04
8.6400000e+00		8.5509640e-02		7.3125055e-04
8.6600000e+00		8.5020967e-02		7.3130460e-04
8.6800000e+00		8.4534510e-02		7.3135800e-04
8.7000000e+00		8.4050254e-02		7.3141074e-04
8.7200000e+00		8.3568186e-02		7.3146283e-04
8.7400000e+00		8.3088289e-02		7.3151429e-04
8.7600000e+00		8.2610551e-02		7.3156512e-04
8.7800000e+00		8.2134956e-02		7.3161533e-04
8.8000000e+00		8.1661491e-02		7.3166494e-04
8.8200000e+00		8.1190141e-02		7.3171394e-04
8.8400000e+00		8.0720893e-02		7.3176236e-04
8.8600000e+00		8.0253732e-02		7.3181019e-04
8.8800000e+00		7.9788645e-02		7.3185745e-04
8.9000000e+00		7.9325620e-02		7.3190415e-04
8.9200000e+00		7.8864641e-02		7.3195029e-04
8.9400000e+00		7.8405696e-02		7.3199588e-04
8.9600000e+00		7.7948771e-02		7.3204093e-04
8.9800000e+00		7.7493854e-02		7.3208545e-04
9.0000000e+00		7.7040932e-02		7.3212944e-04
9.0200000e+00		7.6589991e-02		7.3217292e-04
9.0400000e+00		7.6141019e-02		7.3221589e-04
9.0600000e+00		7.5694003e-02		7.3225835e-04
9.0800000e+00		7.5248930e-02		7.3230033e-04
9.1000000e+00		7.4805789e-02		7.3234181e-04
9.1200000e+00		7.4364566e-02		7.3238281e-04
9.1400000e+00		7.3925250e-02		7.3242335e-04
9.1600000e+00		7.3487828e-02		7.3246341e-04
9.1800000e+00		7.3052289e-02		7.3250302e-04
9.2000000e+00		7.2618619e-02		7.3254217e-04
9.2200000e+00		7.2186809e-02		7.3258088e-04
9.2400000e+00		7.1756845e-02		7.3261915e-04
9.2600000e+00		7.1328716e-02		7.3265699e-04
9.2800000e+00		7.0902410e-02		7.3269440e-04
9.3000000e+00		7.0477917e-02		7.3273139e-04
9.3200000e+00		7.0055224e-02		7.3276796e-04
9.3400000e+00		6.9634321e-02		7.3280413e-04
9.3600000e+00		6.9215195e-02		7.3283990e-04
9.3800000e+00		6.8797837e-02		7.3287528e-04
9.4000000e+00		6.8382235e-02		7.3291026e-04
9.4200000e+00		6.7968378e-02		7.3294486e-04
9.4400000e+00		6.7556255e-02		7.3297908e-04
9.4600000e+00		6.7145856e-02		7.3301293e-04
9.4800000e+00		6.6737169e-02		7.3304641e-04
9.5000000e+00		6.6330185e-02		7.3307953e-04
9.5200000e+00		6.5924893e-02		7.3311229e-04
9.5400000e+00		6.5521282e-02		7.3314470e-04
9.5600000e+00		6.5119342e-02		7.3317677e-04
9.5800000e+00		6.4719063e-02		7.3320849e-04
9.6000000e+00		6.4320434e-02		7.3323988e-04
9.6200000e+00		6.3923447e-02		7.3327094e-04
9.6400000e+00		6.3528089e-02		7.3330167e-04
9.6600000e+00		6.3134353e-02		7.3333208e-04
9.6800000e+00		6.2742227e-02		7.3336218e-04
9.7000000e+00		6.2351703e-02		7.3339197e-04
9.7200000e+00		6.1962769e-02		7.3342144e-04
9.7400000e+00		6.1575418e-02		7.3345062e-04
9.7600000e+00		6.1189639e-02		7.3347950e-04
9.7800000e+00		6.0805422e-02		7.3350808e-04
9.8000000e+00		6.0422759e-02		7.3353638e-04
9.8200000e+00		6.0041640e-02		7.3356439e-04
9.8400000e+00		5.9662056e-02		7.3359212e-04
9.8600000e+00		5.9283997e-02		7.3361957e-04
9.8800000e+00		5.8907455e-02		7.3364675e-04
9.9000000e+00		5.8532421e-02		7.3367366e-04
9.9200000e+00		5.8158885e-02		7.3370031e-04
9.9400000e+00		5.7786839e-02		7.3372670e-04
9.9600000e+00		5.7416274e-02		7.3375284e-04
9.9800000e+00		5.7047181e-02		7.3377872e-04
1.0000000e+01		5.6679551e-02		7.3380435e-04
1.0020000e+01		5.6313376e-02		7.3382973e-04
1.0040000e+01		5.5948648e-02		7.3385488e-04
1.0060000e+01		5.5585357e-02		7.3387979e-04
1.0080000e+01		5.5223496e-02		7.3390446e-04
1.0100000e+01		5.4863056e-02		7.3392890e-04
1.0120000e+01		5.4504028e-02		7.3395312e-04
1.0140000e+01		5.4146405e-02		7.3397711e-04
1.0160000e+01		5.3790179e-02		7.3400088e-04
1.0180000e+01		5.3435341e-02		7.3402443e-04
1.0200000e+01		5.3081883e-02		7.3404777e-04
1.0220000e+01		5.2729797e-02		7.3407090e-04
1.0240000e+01		5.2379075e-02		7.3409382e-04
1.0260000e+01		5.2029710e-02		7.3411653e-04
1.0280000e+01		5.1681694e-02		7.3413905e-04
1.0300000e+01		5.1335019e-02		7.3416136e-04
1.0320000e+01		5.0989677e-02		7.3418348e-04
1.0340000e+01		5.0645660e-02		7.3420541e-04
1.0360000e+01		5.0302962e-02		7.3422715e-04
1.0380000e+01		4.9961574e-02		7.3424870e-04
1.0400000e+01		4.9621489e-02		7.3427006e-04
1.0420000e+01		4.9282700e-02		7.3429125e-04
1.0440000e+01		4.8945199e-02		7.3431225e-04
1.0460000e+01		4.8608979e-02		7.3433308e-04
1.0480000e+01		4.8274033e-02		7.3435374e-04
1.0500000e+01		4.7940354e-02		7.3437422e-04
1.0520000e+01		4.7607934e-02		7.3439454e-04
1.0540000e+01		4.7276767e-02		7.3441469e-04
1.0560000e+01		4.6946845e-02		7.3443467e-04
1.0580000e+01		4.6618162e-02		7.3445450e-04
1.0600000e+01		4.6290709e-02		7.3447416e-04
1.0620000e+01		4.5964482e-02		7.3449367e-04
1.0640000e+01		4.5639473e-02		7.3451303e-04
1.0660000e+01		4.5315674e-02		7.3453223e-04
1.0680000e+01		4.4993080e-02		7.3455129e-04
1.0700000e+01		4.4671683e-02		7.3457020e-04
1.0720000e+01		4.4351478e-02		7.3458896e-04
1.0740000e+01		4.4032457e-02		7.3460758e-04
1.0760000e+01		4.3714614e-02		7.3462605e-04
1.0780000e+01		4.3397942e-02		7.3464439e-04
1.0800000e+01		4.3082435e-02		7.3466260e-04
1.0820000e+01		4.2768087e-02		7.3468066e-04
1.0840000e+01		4.2454891e-02		7.3469860e-04
1.0860000e+01		4.2142842e-02		7.3471640e-04
1.0880000e+01		4.1831931e-02		7.3473408e-04
1.0900000e+01		4.1522155e-02		7.3475162e-04
1.0920000e+01		4.1213506e-02		7.3476904e-04
1.0940000e+01		4.0905978e-02		7.3478634e-04
1.0960000e+01		4.0599565e-02		7.3480352e-04
1.0980000e+01		4.0294261e-02		7.3482058e-04
1.1000000e+01		3.9990061e-02		7.3483752e-04
1.1020000e+01		3.9686958e-02		7.3485434e-04
1.1040000e+01		3.9384946e-02		7.3487105e-04
1.1060000e+01		3.9084019e-02		7.3488764e-04
1.1080000e+01		3.8784172e-02		7.3490412e-04
1.1100000e+01		3.8485399e-02		7.3492050e-04
1.1120000e+01		3.8187694e-02		7.3493676e-04
1.1140000e+01		3.7891052e-02		7.3495292e-04
1.1160000e+01		3.7595466e-02		7.3496897e-04
1.1180000e+01		3.7300931e-02		7.3498492e-04
1.1200000e+01		3.7007442e-02		7.3500077e-04
1.1220000e+01		3.6714993e-02		7.3501652e-04
1.1240000e+01		3.6423579e-02		7.3503216e-04
1.1260000e+01		3.6133193e-02		7.3504771e-04
1.1280000e+01		3.5843831e-02		7.3506317e-04
1.1300000e+01		3.5555488e-02		7.3507852e-04
1.1320000e+01		3.5268157e-02		7.3509379e-04
1.1340000e+01		3.4981834e-02		7.3510896e-04
1.1360000e+01		3.4696513e-02		7.3512404e-04
1.1380000e+01		3.4412189e-02		7.3513903e-04
1.1400000e+01		3.4128858e-02		7.3515393e-04
1.1420000e+01		3.3846512e-02		7.3516874e-04
1.1440000e+01		3.3565149e-02		7.3518347e-04
1.1460000e+01		3.3284762e-02		7.3519811e-04
1.1480000e+01		3.3005346e-02		7.3521267e-04
1.1500000e+01		3.2726896e-02		7.3522715e-04
1.1520000e+01		3.2449408e-02		7.3524154e-04
1.1540000e+01		3.2172877e-02		7.3525585e-04
1.1560000e+01		3.1897297e-02		7.3527009e-04
1.1580000e+01		3.1622663e-02		7.3528424e-04
1.1600000e+01		3.1348972e-02		7.3529832e-04
1.1620000e+01		3.1076217e-02		7.3531232e-04
1.1640000e+01		3.0804394e-02		7.3532625e-04
1.1660000e+01		3.0533499e-02		7.3534011e-04
1.1680000e+01		3.0263527e-02		7.3535389e-04
1.1700000e+01		2.9994472e-02		7.3536759e-04
1.1720000e+01		2.9726331e-02		7.3538123e-04
1.1740000e+01		2.9459098e-02		7.3539480e-04
1.1760000e+01		2.9192769e-02		7.3540829e-04
1.1780000e+01		2.8927340e-02		7.3542172e-04
1.1800000e+01		2.8662806e-02		7.3543508e-04
1.1820000e+01		2.8399162e-02		7.3544838e-04
1.1840000e+01		2.8136404e-02		7.3546160e-04
1.1860000e+01		2.7874528e-02		7.3547477e-04
1.1880000e+01		2.7613529e-02		7.3548787e-04
1.1900000e+01		2.7353402e-02		7.3550090e-04
1.1920000e+01		2.7094144e-02		7.3551388e-04
1.1940000e+01		2.6835749e-02		7.3552679e-04
1.1960000e+01		2.6578215e-02		7.3553964e-04
1.1980000e+01		2.6321536e-02		7.3555243e-04
1.2000000e+01		2.6065708e-02		7.3556516e-04
1.2020000e+01		2.5810726e-02		7.3557783e-04
1.2040000e+01		2.5556588e-02		7.3559044e-04
1.2060000e+01		2.5303288e-02		7.3560300e-04
1.2080000e+01		2.5050823e-02		7.3561550e-04
1.2100000e+01		2.4799188e-02		7.3562795e-04
1.2120000e+01		2.4548379e-02		7.3564034e-04
1.2140000e+01		2.4298393e-02		7.3565267e-04
1.2160000e+01		2.4049224e-02		7.3566495e-04
1.2180000e+01		2.3800870e-02		7.3567718e-04
1.2200000e+01		2.3553326e-02		7.3568935e-04
1.2220000e+01		2.3306588e-02		7.3570148e-04
1.2240000e+01		2.3060652e-02		7.3571355e-04
1.2260000e+01		2.2815515e-02		7.3572557e-04
1.2280000e+01		2.2571172e-02		7.3573754e-04
1.2300000e+01		2.2327620e-02		7.3574946e-04
1.2320000e+01		2.2084855e-02		7.3576133e-04
1.2340000e+01		2.1842873e-02		7.3577315e-04
1.2360000e+01		2.1601670e-02		7.3578493e-04
1.2380000e+01		2.1361242e-02		7.3579665e-04
1.2400000e+01		2.1121587e-02		7.3580833e-04
1.2420000e+01		2.0882699e-02		7.3581997e-04
1.2440000e+01		2.0644576e-02		7.3583155e-04
1.2460000e+01		2.0407213e-02		7.3584310e-04
1.2480000e+01		2.0170608e-02		7.3585459e-04
1.2500000e+01		1.9934755e-02		7.3586605e-04
1.2520000e+01		1.9699653e-02		7.3587746e-04
1.2540000e+01		1.9465297e-02		7.3588882e-04
1.2560000e+01		1.9231684e-02		7.3590014e-04
1.2580000e+01		1.8998810e-02		7.3591142e-04
1.2600000e+01		1.8766672e-02		7.3592266e-04
1.2620000e+01		1.8535266e-02		7.3593385e-04
1.2640000e+01		1.8304589e-02		7.3594501e-04
1.2660000e+01		1.8074637e-02		7.3595612e-04
1.2680000e+01		1.7845407e-02		7.3596719e-04
1.2700000e+01		1.7616896e-02		7.3597822e-04
1.2720000e+01		1.7389100e-02		7.3598922e-04
1.2740000e+01		1.7162016e-02		7.3600017e-04
1.2760000e+01		1.6935640e-02		7.3601108e-04
1.2780000e+01		1.6709969e-02		7.3602196e-04
1.2800000e+01		1.6485001e-02		7.3603279e-04
1.2820000e+01		1.6260731e-02		7.3604359e-04
1.2840000e+01		1.6037156e-02		7.3605435e-04
1.2860000e+01		1.5814273e-02		7.3606508e-04
1.2880000e+01		1.5592080e-02		7.3607576e-04
1.2900000e+01		1.5370572e-02		7.3608641e-04
1.2920000e+01		1.5149747e-02		7.3609702e-04
1.2940000e+01		1.4929601e-02		7.3610760e-04
1.2960000e+01		1.4710131e-02		7.3611814e-04
1.2980000e+01		1.4491335e-02		7.3612865e-04
1.3000000e+01		1.4273209e-02		7.3613912e-04
1.3020000e+01		1.4055750e-02		7.3614956e-04
1.3040000e+01		1.3838955e-02		7.3615996e-04
1.3060000e+01		1.3622821e-02		7.3617032e-04
1.3080000e+01		1.3407344e-02		7.3618066e-04
1.3100000e+01		1.3192523e-02		7.3619096e-04
1.3120000e+01		1.2978354e-02		7.3620122e-04
1.3140000e+01		1.2764833e-02		7.3621146e-04
1.3160000e+01		1.2551959e-02		7.3622165e-04
1.3180000e+01		1.2339728e-02		7.3623182e-04
1.3200000e+01		1.2128137e-02		7.3624196e-04
1.3220000e+01		1.1917183e-02		7.3625206e-04
1.3240000e+01		1.1706864e-02		7.3626213e-04
1.3260000e+01		1.1497176e-02		7.3627217e-04
1.3280000e+01		1.1288117e-02		7.3628217e-04
1.3300000e+01		1.1079684e-02		7.3629215e-04
1.3320000e+01		1.0871874e-02		7.3630209e-04
1.3340000e+01		1.0664684e-02		7.3631201e-04
1.3360000e+01		1.0458112e-02		7.3632189e-04
1.3380000e+01		1.0252155e-02		7.3633174e-04
1.3400000e+01		1.0046810e-02		7.3634156e-04
1.3420000e+01		9.8420741e-03		7.3635135e-04
1.3440000e+01		9.6379448e-03		7.3636112e-04
1.3460000e+01		9.4344195e-03		7.3637085e-04
1.3480000e+01		9.2314954e-03		7.3638055e-04
1.3500000e+01		9.0291700e-03		7.3639022e-04
1.3520000e+01		8.8274405e-03		7.3639987e-04
1.3540000e+01		8.6263043e-03		7.3640948e-04
1.3560000e+01		8.4257588e-03		7.3641907e-04
1.3580000e+01		8.2258014e-03		7.3642863e-04
1.3600000e+01		8.0264295e-03		7.3643816e-04
1.3620000e+01		7.8276406e-03		7.3644766e-04
1.3640000e+01		7.6294321e-03		7.3645713e-04
1.3660000e+01		7.4318015e-03		7.3646657e-04
1.3680000e+01		7.2347462e-03		7.3647599e-04
1.3700000e+01		7.0382637e-03		7.3648538e-04
1.3720000e+01		6.8423516e-03		7.3649474e-04
1.3740000e+01		6.6470073e-03		7.3650407e-04
1.3760000e+01		6.4522285e-03		7.3651338e-04
1.3780000e+01		6.2580126e-03		7.3652266e-04
1.3800000e+01		6.0643572e-03		7.3653191e-04
1.3820000e+01		5.8712598e-03		7.3654114e-04
1.3840000e+01		5.6787182e-03		7.3655034e-04
1.3860000e+01		5.4867298e-03		7.3655951e-04
1.3880000e+01		5.2952923e-03		7.3656866e-04
1.3900000e+01		5.1044034e-03		7.3657778e-04
1.3920000e+01		4.9140606e-03		7.3658687e-04
1.3940000e+01		4.7242617e-03		7.3659594e-04
1.3960000e+01		4.5350043e-03		7.3660498e-04
1.3980000e+01		4.3462861e-03		7.3661400e-04
1.4000000e+01		4.1581047e-03		7.3662299e-04
1.4020000e+01		3.9704580e-03		7.3663195e-04
1.4040000e+01		3.7833436e-03		7.3664089e-04
1.4060000e+01		3.5967593e-03		7.3664980e-04
1.4080000e+01		3.4107028e-03		7.3665869e-04
1.4100000e+01		3.2251719e-03		7.3666756e-04
1.4120000e+01		3.0401643e-03		7.3667640e-04
1.4140000e+01		2.8556779e-03		7.3668521e-04
1.4160000e+01		2.6717104e-03		7.3669400e-04
1.4180000e+01		2.4882597e-03		7.3670276e-04
1.4200000e+01		2.3053236e-03		7.3671150e-04
1.4220000e+01		2.1228999e-03		7.3672022e-04
1.4240000e+01		1.9409865e-03		7.3672891e-04
1.4260000e+01		1.7595812e-03		7.3673758e-04
1.4280000e+01		1.5786820e-03		7.3674622e-04
1.4300000e+01		1.3982866e-03		7.3675484e-04
1.4320000e+01		1.2183930e-03		7.3676343e-04
1.4340000e+01		1.0389992e-03		7.3677200e-04
1.4360000e+01		8.6010293e-04		7.3678055e-04
1.4380000e+01		6.8170225e-04		7.3678908e-04
1.4400000e+01		5.0379507e-04		7.3679758e-04
1.4420000e+01		3.2637935e-04		7.3680605e-04
1.4440000e+01		1.4945304e-04		7.3681451e-04
1.4460000e+01		-2.6985858e-05		7.3682294e-04
1.4480000e+01		-2.0293937e-04		7.3683134e-04
1.4500000e+01		-3.7840949e-04		7.3683973e-04
1.4520000e+01		-5.5339822e-04		7.3684809e-04
1.4540000e+01		-7.2790752e-04		7.3685643e-04
1.4560000e+01		-9.0193937e-04		7.3686474e-04
1.4580000e+01		-1.0754957e-03		7.3687303e-04
1.4600000e+01		-1.2485785e-03		7.3688131e-04
1.4620000e+01		-1.4211897e-03		7.3688955e-04
1.4640000e+01		-1.5933312e-03		7.3689778e-04
1.4660000e+01		-1.7650049e-03		7.3690598e-04
1.4680000e+01		-1.9362128e-03		7.3691416e-04
1.4700000e+01		-2.1069566e-03		7.3692232e-04
1.4720000e+01		-2.2772384e-03		7.3693046e-04
1.4740000e+01		-2.4470600e-03		7.3693857e-04
1.4760000e+01		-2.6164232e-03		7.3694667e-04
1.4780000e+01		-2.7853299e-03		7.3695474e-04
1.4800000e+01		-2.9537819e-03		7.3696279e-04
1.4820000e+01		-3.1217811e-03		7.3697081e-04
1.4840000e+01		-3.2893293e-03		7.3697882e-04
1.4860000e+01		-3.4564283e-03		7.3698681e-04
1.4880000e+01		-3.6230799e-03		7.3699477e-04
1.4900000e+01		-3.7892860e-03		7.3700271e-04
1.4920000e+01		-3.9550482e-03		7.3701063e-04
1.4940000e+01		-4.1203684e-03		7.3701854e-04
1.4960000e+01		-4.2852483e-03		7.3702641e-04
1.4980000e+01		-4.4496897e-03		7.3703427e-04
1.5000000e+01		-4.6136944e-03		7.3704211e-04
1.5020000e+01		-4.7772640e-03		7.3704993e-04
1.5040000e+01		-4.9404003e-03		7.3705773e-04
1.5060000e+01		-5.1031051e-03		7.3706550e-04
1.5080000e+01		-5.2653799e-03		7.3707326e-04
1.5100000e+01		-5.4272267e-03		7.3708100e-04
1.5120000e+01		-5.5886469e-03		7.3708871e-04
1.5140000e+01		-5.7496424e-03		7.3709641e-04
1.5160000e+01		-5.9102147e-03		7.3710408e-04
1.5180000e+01		-6.0703656e-03		7.3711174e-04
1.5200000e+01		-6.2300967e-03		7.3711938e-04
1.5220000e+01		-6.3894096e-03		7.3712699e-04
1.5240000e+01		-6.5483061e-03		7.3713459e-04
1.5260000e+01		-6.7067877e-03		7.3714217e-04
1.5280000e+01		-6.8648560e-03		7.3714973e-04
1.5300000e+01		-7.0225127e-03		7.3715727e-04
1.5320000e+01		-7.1797593e-03		7.3716479e-04
1.5340000e+01		-7.3365976e-03		7.3717229e-04
1.5360000e+01		-7.4930290e-03		7.3717977e-04
1.5380000e+01		-7.6490551e-03		7.3718724e-04
1.5400000e+01		-7.8046775e-03		7.3719468e-04
1.5420000e+01		-7.9598978e-03		7.3720211e-04
1.5440000e+01		-8.1147176e-03		7.3720951e-04
1.5460000e+01		-8.2691383e-03		7.3721690e-04
1.5480000e+01		-8.4231616e-03		7.3722428e-04
1.5500000e+01		-8.5767889e-03		7.3723163e-04
1.5520000e+01		-8.7300218e-03		7.3723896e-04
1.5540000e+01		-8.8828618e-03		7.3724628e-04
1.5560000e+01		-9.0353104e-03		7.3725358e-04
1.5580000e+01		-9.1873691e-03		7.3726086e-04
1.5600000e+01		-9.3390394e-03		7.3726813e-04
1.5620000e+01		-9.4903228e-03		7.3727537e-04
1.5640000e+01		-9.6412207e-03		7.3728260e-04
1.5660000e+01		-9.7917347e-03		7.3728982e-04
1.5680000e+01		-9.9418662e-03		7.3729701e-04
1.5700000e+01		-1.0091617e-02		7.3730419e-04
1.5720000e+01		-1.0240988e-02		7.3731135e-04
1.5740000e+01		-1.0389980e-02		7.3731850e-04
1.5760000e+01		-1.0538596e-02		7.3732563e-04
1.5780000e+01		-1.0686837e-02		7.3733274e-04
1.5800000e+01		-1.0834704e-02		7.3733983e-04
1.5820000e+01		-1.0982198e-02		7.3734691e-04
1.5840000e+01		-1.1129322e-02		7.3735398e-04
1.5860000e+01		-1.1276075e-02		7.3736103e-04
1.5880000e+01		-1.1422461e-02		7.3736806e-04
1.5900000e+01		-1.1568479e-02		7.3737508e-04
1.5920000e+01		-1.1714132e-02		7.3738208e-04
1.5940000e+01		-1.1859421e-02		7.3738906e-04
1.5960000e+01		-1.2004348e-02		7.3739603e-04
1.5980000e+01		-1.2148912e-02		7.3740299e-04
1.6000000e+01		-1.2293117e-02		7.3740993e-04
1.6020000e+01		-1.2436963e-02		7.3741686e-04
1.6040000e+01		-1.2580452e-02		7.3742377e-04
1.6060000e+01		-1.2723584e-02		7.3743066e-04
1.6080000e+01		-1.2866362e-02		7.3743755e-04
1.6100000e+01		-1.3008787e-02		7.3744442e-04
1.6120000e+01		-1.3150859e-02		7.3745127e-04
1.6140000e+01		-1.3292581e-02		7.3745811e-04
1.6160000e+01		-1.3433953e-02		7.3746494e-04
1.6180000e+01		-1.3574977e-02		7.3747175e-04
1.6200000e+01		-1.3715654e-02		7.3747855e-04
1.6220000e+01		-1.3855985e-02		7.3748534e-04
1.6240000e+01		-1.3995972e-02		7.3749211e-04
1.6260000e+01		-1.4135616e-02		7.3749888e-04
1.6280000e+01		-1.4274918e-02		7.3750562e-04
1.6300000e+01		-1.4413880e-02		7.3751236e-04
1.6320000e+01		-1.4552502e-02		7.3751908e-04
1.6340000e+01		-1.4690786e-02		7.3752580e-04
1.6360000e+01		-1.4828734e-02		7.3753250e-04
1.6380000e+01		-1.4966345e-02		7.3753918e-04
1.6400000e+01		-1.5103623e-02		7.3754586e-04
1.6420000e+01		-1.5240567e-02		7.3755252e-04
1.6440000e+01		-1.5377179e-02		7.3755918e-04
1.6460000e+01		-1.5513460e-02		7.3756582e-04
1.6480000e+01		-1.5649412e-02		7.3757245e-04
1.6500000e+01		-1.5785036e-02		7.3757907e-04
1.6520000e+01		-1.5920332e-02		7.3758568e-04
1.6540000e+01		-1.6055302e-02		7.3759228e-04
1.6560000e+01		-1.6189948e-02		7.3759887e-04
1.6580000e+01		-1.6324270e-02		7.3760545e-04
1.6600000e+01		-1.6458269e-02		7.3761202e-04
1.6620000e+01		-1.6591947e-02		7.3761858e-04
1.6640000e+01		-1.6725305e-02		7.3762513e-04
1.6660000e+01		-1.6858344e-02		7.3763168e-04
1.6680000e+01		-1.6991065e-02		7.3763821e-04
1.6700000e+01		-1.7123469e-02		7.3764473e-04
1.6720000e+01		-1.7255558e-02		7.3765125e-04
1.6740000e+01		-1.7387332e-02		7.3765776e-04
1.6760000e+01		-1.7518793e-02		7.3766426e-04
1.6780000e+01		-1.7649942e-02		7.3767075e-04
1.6800000e+01		-1.7780780e-02		7.3767723e-04
1.6820000e+01		-1.7911307e-02		7.3768371e-04
1.6840000e+01		-1.8041526e-02		7.3769018e-04
1.6860000e+01		-1.8171437e-02		7.3769664e-04
1.6880000e+01		-1.8301041e-02		7.3770309e-04
1.6900000e+01		-1.8430340e-02		7.3770954e-04
1.6920000e+01		-1.8559334e-02		7.3771598e-04
1.6940000e+01		-1.8688024e-02		7.3772242e-04
1.6960000e+01		-1.8816412e-02		7.3772885e-04
1.6980000e+01		-1.8944499e-02		7.3773527e-04
1.7000000e+01		-1.9072286e-02		7.3774169e-04
1.7020000e+01		-1.9199773e-02		7.3774811e-04
1.7040000e+01		-1.9326962e-02		7.3775451e-04
1.7060000e+01		-1.9453854e-02		7.3776092e-04
1.7080000e+01		-1.9580450e-02		7.3776732e-04
1.7100000e+01		-1.9706751e-02		7.3777371e-04
1.7120000e+01		-1.9832758e-02		7.3778010e-04
1.7140000e+01		-1.9958472e-02		7.3778649e-04
1.7160000e+01		-2.0083894e-02		7.3779287e-04
1.7180000e+01		-2.0209026e-02		7.3779925e-04
1.7200000e+01		-2.0333867e-02		7.3780563e-04
1.7220000e+01		-2.0458419e-02		7.3781201e-04
1.7240000e+01		-2.0582683e-02		7.3781838e-04
1.7260000e+01		-2.0706661e-02		7.3782475e-04
1.7280000e+01		-2.0830352e-02		7.3783112e-04
1.7300000e+01		-2.0953759e-02		7.3783748e-04
1.7320000e+01		-2.1076882e-02		7.3784385e-04
1.7340000e+01		-2.1199721e-02		7.3785021e-04
1.7360000e+01		-2.1322279e-02		7.3785657e-04
1.7380000e+01		-2.1444556e-02		7.3786294e-04
1.7400000e+01		-2.1566553e-02		7.3786930e-04
1.7420000e+01		-2.1688270e-02		7.3787566e-04
1.7440000e+01		-2.1809710e-02		7.3788202e-04
1.7460000e+01		-2.1930872e-02		7.3788838e-04
1.7480000e+01		-2.2051758e-02		7.3789475e-04
1.7500000e+01		-2.2172369e-02		7.3790111e-04
1.7520000e+01		-2.2292705e-02		7.3790747e-04
1.7540000e+01		-2.2412768e-02		7.3791384e-04
1.7560000e+01		-2.2532559e-02		7.3792021e-04
1.7580000e+01		-2.2652078e-02		7.3792658e-04
1.7600000e+01		-2.2771327e-02		7.3793295e-04
1.7620000e+01		-2.2890305e-02		7.3793933e-04
1.7640000e+01		-2.3009015e-02		7.3794571e-04
1.7660000e+01		-2.3127458e-02		7.3795209e-04
1.7680000e+01		-2.3245633e-02		7.3795848e-04
1.7700000e+01		-2.3363542e-02		7.3796487e-04
1.7720000e+01		-2.3481186e-02		7.3797126e-04
1.7740000e+01		-2.3598566e-02		7.3797766e-04
1.7760000e+01		-2.3715682e-02		7.3798407e-04
1.7780000e+01		-2.3832536e-02		7.3799048e-04
1.7800000e+01		-2.3949129e-02		7.3799689e-04
1.7820000e+01		-2.4065461e-02		7.3800331e-04
1.7840000e+01		-2.4181533e-02		7.3800974e-04
1.7860000e+01		-2.4297346e-02		7.3801617e-04
1.7880000e+01		-2.4412900e-02		7.3802261e-04
1.7900000e+01		-2.4528198e-02		7.3802906e-04
1.7920000e+01		-2.4643239e-02		7.3803551e-04
1.7940000e+01		-2.4758025e-02		7.3804197e-04
1.7960000e+01		-2.4872556e-02		7.3804845e-04
1.7980000e+01		-2.4986834e-02		7.3805492e-04
1.8000000e+01		-2.5100858e-02		7.3806141e-04
1.8020000e+01		-2.5214630e-02		7.3806791e-04
1.8040000e+01		-2.5328151e-02		7.3807442e-04
1.8060000e+01		-2.5441422e-02		7.3808093e-04
1.8080000e+01		-2.5554443e-02		7.3808746e-04
1.8100000e+01		-2.5667215e-02		7.3809400e-04
1.8120000e+01		-2.5779740e-02		7.3810054e-04
1.8140000e+01		-2.5892017e-02		7.3810710e-04
1.8160000e+01		-2.6004048e-02		7.3811367e-04
1.8180000e+01		-2.6115833e-02		7.3812026e-04
1.8200000e+01		-2.6227374e-02		7.3812685e-04
1.8220000e+01		-2.6338670e-02		7.3813346e-04
1.8240000e+01		-2.6449724e-02		7.3814008e-04
1.8260000e+01		-2.6560536e-02		7.3814671e-04
1.8280000e+01		-2.6671106e-02		7.3815336e-04
1.8300000e+01		-2.6781435e-02		7.3816002e-04
1.8320000e+01		-2.6891524e-02		7.3816670e-04
1.8340000e+01		-2.7001375e-02		7.3817339e-04
1.8360000e+01		-2.7110986e-02		7.3818009e-04
1.8380000e+01		-2.7220361e-02		7.3818682e-04
1.8400000e+01		-2.7329498e-02		7.3819355e-04
1.8420000e+01		-2.7438400e-02		7.3820031e-04
1.8440000e+01		-2.7547066e-02		7.3820708e-04
1.8460000e+01		-2.7655498e-02		7.3821387e-04
1.8480000e+01		-2.7763697e-02		7.3822067e-04
1.8500000e+01		-2.7871662e-02		7.3822750e-04
1.8520000e+01		-2.7979395e-02		7.3823434e-04
1.8540000e+01		-2.8086896e-02		7.3824120e-04
1.8560000e+01		-2.8194167e-02		7.3824808e-04
1.8580000e+01		-2.8301208e-02		7.3825498e-04
1.8600000e+01		-2.8408020e-02		7.3826190e-04
1.8620000e+01		-2.8514604e-02		7.3826884e-04
1.8640000e+01		-2.8620959e-02		7.3827580e-04
1.8660000e+01		-2.8727088e-02		7.3828278e-04
1.8680000e+01		-2.8832990e-02		7.3828978e-04
1.8700000e+01		-2.8938667e-02		7.3829680e-04
1.8720000e+01		-2.9044119e-02		7.3830385e-04
1.8740000e+01		-2.9149347e-02		7.3831092e-04
1.8760000e+01		-2.9254352e-02		7.3831801e-04
1.8780000e+01		-2.9359134e-02		7.3832513e-04
1.8800000e+01		-2.9463694e-02		7.3833227e-04
1.8820000e+01		-2.9568033e-02		7.3833943e-04
1.8840000e+01		-2.9672151e-02		7.3834662e-04
1.8860000e+01		-2.9776050e-02		7.3835384e-04
1.8880000e+01		-2.9879729e-02		7.3836108e-04
1.8900000e+01		-2.9983190e-02		7.3836835e-04
1.8920000e+01		-3.0086433e-02		7.3837564e-04
1.8940000e+01		-3.0189460e-02		7.3838296e-04
1.8960000e+01		-3.0292269e-02		7.3839031e-04
1.8980000e+01		-3.0394864e-02		7.3839768e-04
1.9000000e+01		-3.0497243e-02		7.3840509e-04
1.9020000e+01		-3.0599408e-02		7.3841252e-04
1.9040000e+01		-3.0701359e-02		7.3841998e-04
1.9060000e+01		-3.0803098e-02		7.3842748e-04
1.9080000e+01		-3.0904624e-02		7.3843500e-04
1.9100000e+01		-3.1005939e-02		7.3844255e-04
1.9120000e+01		-3.1107043e-02		7.3845013e-04
1.9140000e+01		-3.1207936e-02		7.3845775e-04
1.9160000e+01		-3.1308620e-02		7.3846540e-04
1.9180000e+01		-3.1409095e-02		7.3847308e-04
1.9200000e+01		-3.1509362e-02		7.3848079e-04
1.9220000e+01		-3.1609421e-02		7.3848853e-04
1.9240000e+01		-3.1709273e-02		7.3849631e-04
1.9260000e+01		-3.1808919e-02		7.3850413e-04
1.9280000e+01		-3.1908359e-02		7.3851198e-04
1.9300000e+01		-3.2007594e-02		7.3851986e-04
1.9320000e+01		-3.2106624e-02		7.3852778e-04
1.9340000e+01		-3.2205451e-02		7.3853574e-04
1.9360000e+01		-3.2304075e-02		7.3854373e-04
1.9380000e+01		-3.2402496e-02		7.3855176e-04
1.9400000e+01		-3.2500716e-02		7.3855983e-04
1.9420000e+01		-3.2598734e-02		7.3856793e-04
1.9440000e+01		-3.2696551e-02		7.3857608e-04
1.9460000e+01		-3.2794169e-02		7.3858426e-04
1.9480000e+01		-3.2891587e-02		7.3859249e-04
1.9500000e+01		-3.2988807e-02		7.3860075e-04
1.9520000e+01		-3.3085828e-02		7.3860905e-04
1.9540000e+01		-3.3182652e-02		7.3861740e-04
1.9560000e+01		-3.3279279e-02		7.3862579e-04
1.9580000e+01		-3.3375709e-02		7.3863422e-04
1.9600000e+01		-3.3471944e-02		7.3864269e-04
1.9620000e+01		-3.3567984e-02		7.3865120e-04
1.9640000e+01		-3.3663830e-02		7.3865976e-04
1.9660000e+01		-3.3759481e-02		7.3866836e-04
1.9680000e+01		-3.3854939e-02		7.3867701e-04
1.9700000e+01		-3.3950205e-02		7.3868570e-04
1.9720000e+01		-3.4045278e-02		7.3869444e-04
1.9740000e+01		-3.4140160e-02		7.3870323e-04
1.9760000e+01		-3.4234851e-02		7.3871206e-04
1.9780000e+01		-3.4329351e-02		7.3872094e-04
1.9800000e+01		-3.4423662e-02		7.3872986e-04
1.9820000e+01		-3.4517783e-02		7.3873884e-04
1.9840000e+01		-3.4611716e-02		7.3874786e-04
1.9860000e+01		-3.4705461e-02		7.3875693e-04
1.9880000e+01		-3.4799018e-02		7.3876606e-04
1.9900000e+01		-3.4892389e-02		7.3877523e-04
1.9920000e+01		-3.4985573e-02		7.3878446e-04
1.9940000e+01		-3.5078572e-02		7.3879373e-04
1.9960000e+01		-3.5171385e-02		7.3880306e-04
1.9980000e+01		-3.5264013e-02		7.3881244e-04
2.0000000e+01		-3.5356458e-02		7.3882188e-04
2.0020000e+01		-3.5448719e-02		7.3883136e-04
2.0040000e+01		-3.5540797e-02		7.3884091e-04
2.0060000e+01		-3.5632692e-02		7.3885050e-04
2.0080000e+01		-3.5724406e-02		7.3886016e-04
2.0100000e+01		-3.5815939e-02		7.3886987e-04
2.0120000e+01		-3.5907290e-02		7.3887963e-04
2.0140000e+01		-3.5998462e-02		7.3888945e-04
2.0160000e+01		-3.6089453e-02		7.3889933e-04
2.0180000e+01		-3.6180266e-02		7.3890927e-04
2.0200000e+01		-3.6270900e-02		7.3891927e-04
2.0220000e+01		-3.6361356e-02		7.3892933e-04
2.0240000e+01		-3.6451634e-02		7.3893944e-04
2.0260000e+01		-3.6541736e-02		7.3894962e-04
2.0280000e+01		-3.6631661e-02		7.3895986e-04
2.0300000e+01		-3.6721410e-02		7.3897016e-04
2.0320000e+01		-3.6810983e-02		7.3898052e-04
2.0340000e+01		-3.6900382e-02		7.3899095e-04
2.0360000e+01		-3.6989606e-02		7.3900144e-04
2.0380000e+01		-3.7078656e-02		7.3901199e-04
2.0400000e+01		-3.7167534e-02		7.3902261e-04
2.0420000e+01		-3.7256238e-02		7.3903329e-04
2.0440000e+01		-3.7344770e-02		7.3904404e-04
2.0460000e+01		-3.7433130e-02		7.3905485e-04
2.0480000e+01		-3.7521319e-02		7.3906573e-04
2.0500000e+01		-3.7609337e-02		7.3907668e-04
2.0520000e+01		-3.7697185e-02		7.3908770e-04
2.0540000e+01		-3.7784863e-02		7.3909879e-04
2.0560000e+01		-3.7872372e-02		7.3910994e-04
2.0580000e+01		-3.7959712e-02		7.3912117e-04
2.0600000e+01		-3.8046884e-02		7.3913246e-04
2.0620000e+01		-3.8133888e-02		7.3914383e-04
2.0640000e+01		-3.8220724e-02		7.3915527e-04
2.0660000e+01		-3.8307394e-02		7.3916678e-04
2.0680000e+01		-3.8393898e-02		7.3917837e-04
2.0700000e+01		-3.8480236e-02		7.3919003e-04
2.0720000e+01		-3.8566408e-02		7.3920176e-04
2.0740000e+01		-3.8652416e-02		7.3921357e-04
2.0760000e+01		-3.8738260e-02		7.3922545e-04
2.0780000e+01		-3.8823939e-02		7.3923741e-04
2.0800000e+01		-3.8909455e-02		7.3924945e-04
2.0820000e+01		-3.8994809e-02		7.3926156e-04
2.0840000e+01		-3.9079999e-02		7.3927375e-04
2.0860000e+01		-3.9165028e-02		7.3928603e-04
2.0880000e+01		-3.9249896e-02		7.3929838e-04
2.0900000e+01		-3.9334602e-02		7.3931081e-04
2.0920000e+01		-3.9419148e-02		7.3932332e-04
2.0940000e+01		-3.9503534e-02		7.3933591e-04
2.0960000e+01		-3.9587760e-02		7.3934858e-04
2.0980000e+01		-3.9671827e-02		7.3936134e-04
2.1000000e+01		-3.9755735e-02		7.3937418e-04
2.1020000e+01		-3.9839485e-02		7.3938710e-04
2.1040000e+01		-3.9923078e-02		7.3940011e-04
2.1060000e+01		-4.0006513e-02		7.3941321e-04
2.1080000e+01		-4.0089791e-02		7.3942639e-04
2.1100000e+01		-4.0172913e-02		7.3943965e-04
2.1120000e+01		-4.0255879e-02		7.3945300e-04
2.1140000e+01		-4.0338690e-02		7.3946644e-04
2.1160000e+01		-4.0421345e-02		7.3947997e-04
2.1180000e+01		-4.0503846e-02		7.3949359e-04
2.1200000e+01		-4.0586193e-02		7.3950730e-04
2.1220000e+01		-4.0668386e-02		7.3952110e-04
2.1240000e+01		-4.0750425e-02		7.3953499e-04
2.1260000e+01		-4.0832312e-02		7.3954897e-04
2.1280000e+01		-4.0914047e-02		7.3956305e-04
2.1300000e+01		-4.0995629e-02		7.3957721e-04
2.1320000e+01		-4.1077061e-02		7.3959147e-04
2.1340000e+01		-4.1158341e-02		7.3960583e-04
2.1360000e+01		-4.1239470e-02		7.3962028e-04
2.1380000e+01		-4.1320449e-02		7.3963483e-04
2.1400000e+01		-4.1401279e-02		7.3964947e-04
2.1420000e+01		-4.1481959e-02		7.3966421e-04
2.1440000e+01		-4.1562490e-02		7.3967905e-04
2.1460000e+01		-4.1642873e-02		7.3969399e-04
2.1480000e+01		-4.1723108e-02		7.3970903e-04
2.1500000e+01		-4.1803195e-02		7.3972416e-04
2.1520000e+01		-4.1883135e-02		7.3973940e-04
2.1540000e+01		-4.1962928e-02		7.3975474e-04
2.1560000e+01		-4.2042574e-02		7.3977018e-04
2.1580000e+01		-4.2122075e-02		7.3978573e-04
2.1600000e+01		-4.2201430e-02		7.3980137e-04
2.1620000e+01		-4.2280640e-02		7.3981713e-04
2.1640000e+01		-4.2359705e-02		7.3983298e-04
2.1660000e+01		-4.2438626e-02		7.3984894e-04
2.1680000e+01		-4.2517403e-02		7.3986501e-04
2.1700000e+01		-4.2596037e-02		7.3988119e-04
2.1720000e+01		-4.2674527e-02		7.3989747e-04
2.1740000e+01		-4.2752875e-02		7.3991387e-04
2.1760000e+01		-4.2831080e-02		7.3993037e-04
2.1780000e+01		-4.2909144e-02		7.3994698e-04
2.1800000e+01		-4.2987066e-02		7.3996370e-04
2.1820000e+01		-4.3064847e-02		7.3998054e-04
2.1840000e+01		-4.3142488e-02		7.3999748e-04
2.1860000e+01		-4.3219988e-02		7.4001454e-04
2.1880000e+01		-4.3297348e-02		7.4003171e-04
2.1900000e+01		-4.3374569e-02		7.4004900e-04
2.1920000e+01		-4.3451650e-02		7.4006640e-04
2.1940000e+01		-4.3528593e-02		7.4008392e-04
2.1960000e+01		-4.3605397e-02		7.4010156e-04
2.1980000e+01		-4.3682064e-02		7.4011931e-04
2.2000000e+01		-4.3758593e-02		7.4013718e-04
2.2020000e+01		-4.3834985e-02		7.4015517e-04
2.2040000e+01		-4.3911240e-02		7.4017328e-04
2.2060000e+01		-4.3987359e-02		7.4019150e-04
2.2080000e+01		-4.4063341e-02		7.4020985e-04
2.2100000e+01		-4.4139188e-02		7.4022833e-04
2.2120000e+01		-4.4214900e-02		7.4024692e-04
2.2140000e+01		-4.4290477e-02		7.4026564e-04
2.2160000e+01		-4.4365919e-02		7.4028448e-04
2.2180000e+01		-4.4441228e-02		7.4030344e-04
2.2200000e+01		-4.4516402e-02		7.4032254e-04
2.2220000e+01		-4.4591443e-02		7.4034175e-04
2.2240000e+01		-4.4666351e-02		7.4036110e-04
2.2260000e+01		-4.4741127e-02		7.4038057e-04
2.2280000e+01		-4.4815770e-02		7.4040017e-04
2.2300000e+01		-4.4890281e-02		7.4041991e-04
2.2320000e+01		-4.4964661e-02		7.4043977e-04
2.2340000e+01		-4.5038910e-02		7.4045976e-04
2.2360000e+01		-4.5113027e-02		7.4047988e-04
2.2380000e+01		-4.5187014e-02		7.4050014e-04
2.2400000e+01		-4.5260872e-02		7.4052053e-04
2.2420000e+01		-4.5334599e-02		7.4054105e-04
2.2440000e+01		-4.5408197e-02		7.4056171e-04
2.2460000e+01		-4.5481666e-02		7.4058251e-04
2.2480000e+01		-4.5555007e-02		7.4060344e-04
2.2500000e+01		-4.5628219e-02		7.4062450e-04
2.2520000e+01		-4.5701303e-02		7.4064571e-04
2.2540000e+01		-4.5774259e-02		7.4066705e-04
2.2560000e+01		-4.5847089e-02		7.4068854e-04
2.2580000e+01		-4.5919791e-02		7.4071016e-04
2.2600000e+01		-4.5992367e-02		7.4073193e-04
2.2620000e+01		-4.6064816e-02		7.4075384e-04
2.2640000e+01		-4.6137140e-02		7.4077589e-04
2.2660000e+01		-4.6209338e-02		7.4079808e-04
2.2680000e+01		-4.6281411e-02		7.4082042e-04
2.2700000e+01		-4.6353360e-02		7.4084290e-04
2.2720000e+01		-4.6425184e-02		7.4086553e-04
2.2740000e+01		-4.6496883e-02		7.4088831e-04
2.2760000e+01		-4.6568459e-02		7.4091123e-04
2.2780000e+01		-4.6639911e-02		7.4093430e-04
2.2800000e+01		-4.6711241e-02		7.4095753e-04
2.2820000e+01		-4.6782447e-02		7.4098090e-04
2.2840000e+01		-4.6853531e-02		7.4100442e-04
2.2860000e+01		-4.6924493e-02		7.4102809e-04
2.2880000e+01		-4.6995333e-02		7.4105192e-04
2.2900000e+01		-4.7066052e-02		7.4107590e-04
2.2920000e+01		-4.7136649e-02		7.4110003e-04
2.2940000e+01		-4.7207126e-02		7.4112432e-04
2.2960000e+01		-4.7277482e-02		7.4114876e-04
2.2980000e+01		-4.7347718e-02		7.4117337e-04
2.3000000e+01		-4.7417834e-02		7.4119812e-04
2.3020000e+01		-4.7487831e-02		7.4122304e-04
2.3040000e+01		-4.7557709e-02		7.4124812e-04
2.3060000e+01		-4.7627468e-02		7.4127335e-04
2.3080000e+01		-4.7697108e-02		7.4129875e-04
2.3100000e+01		-4.7766630e-02		7.4132431e-04
2.3120000e+01		-4.7836034e-02		7.4135003e-04
2.3140000e+01		-4.7905321e-02		7.4137591e-04
2.3160000e+01		-4.7974490e-02		7.4140196e-04
2.3180000e+01		-4.8043543e-02		7.4142817e-04
2.3200000e+01		-4.8112478e-02		7.4145455e-04
2.3220000e+01		-4.8181298e-02		7.4148109e-04
2.3240000e+01		-4.8250001e-02		7.4150781e-04
2.3260000e+01		-4.8318589e-02		7.4153469e-04
2.3280000e+01		-4.8387062e-02		7.4156174e-04
2.3300000e+01		-4.8455419e-02		7.4158896e-04
2.3320000e+01		-4.8523662e-02		7.4161635e-04
2.3340000e+01		-4.8591790e-02		7.4164391e-04
2.3360000e+01		-4.8659805e-02		7.4167165e-04
2.3380000e+01		-4.8727705e-02		7.4169956e-04
2.3400000e+01		-4.8795492e-02		7.4172764e-04
2.3420000e+01		-4.8863166e-02		7.4175590e-04
2.3440000e+01		-4.8930726e-02		7.4178433e-04
2.3460000e+01		-4.8998174e-02		7.4181295e-04
2.3480000e+01		-4.9065510e-02		7.4184174e-04
2.3500000e+01		-4.9132734e-02		7.4187070e-04
2.3520000e+01		-4.9199846e-02		7.4189985e-04
2.3540000e+01		-4.9266847e-02		7.4192918e-04
2.3560000e+01		-4.9333737e-02		7.4195869e-04
2.3580000e+01		-4.9400516e-02		7.4198838e-04
2.3600000e+01		-4.9467184e-02		7.4201826e-04
2.3620000e+01		-4.9533742e-02		7.4204832e-04
2.3640000e+01		-4.9600190e-02		7.4207856e-04
2.3660000e+01		-4.9666529e-02		7.4210899e-04
2.3680000e+01		-4.9732758e-02		7.4213960e-04
2.3700000e+01		-4.9798878e-02		7.4217041e-04
2.3720000e+01		-4.9864890e-02		7.4220140e-04
2.3740000e+01		-4.9930793e-02		7.4223258e-04
2.3760000e+01		-4.9996588e-02		7.4226395e-04
2.3780000e+01		-5.0062275e-02		7.4229552e-04
2.3800000e+01		-5.0127854e-02		7.4232727e-04
2.3820000e+01		-5.0193326e-02		7.4235922e-04
2.3840000e+01		-5.0258691e-02		7.4239136e-04
2.3860000e+01		-5.0323949e-02		7.4242369e-04
2.3880000e+01		-5.0389101e-02		7.4245623e-04
2.3900000e+01		-5.0454147e-02		7.4248895e-04
2.3920000e+01		-5.0519086e-02		7.4252188e-04
2.3940000e+01		-5.0583920e-02		7.4255500e-04
2.3960000e+01		-5.0648649e-02		7.4258833e-04
2.3980000e+01		-5.0713273e-02		7.4262185e-04
2.4000000e+01		-5.0777792e-02		7.4265557e-04
2.4020000e+01		-5.0842206e-02		7.4268950e-04
2.4040000e+01		-5.0906516e-02		7.4272363e-04
2.4060000e+01		-5.0970722e-02		7.4275796e-04
2.4080000e+01		-5.1034825e-02		7.4279250e-04
2.4100000e+01		-5.1098824e-02		7.4282724e-04
2.4120000e+01		-5.1162720e-02		7.4286219e-04
2.4140000e+01		-5.1226513e-02		7.4289734e-04
2.4160000e+01		-5.1290203e-02		7.4293271e-04
2.4180000e+01		-5.1353792e-02		7.4296828e-04
2.4200000e+01		-5.1417278e-02		7.4300407e-04
2.4220000e+01		-5.1480662e-02		7.4304006e-04
2.4240000e+01		-5.1543945e-02		7.4307627e-04
2.4260000e+01		-5.1607126e-02		7.4311269e-04
2.4280000e+01		-5.1670207e-02		7.4314933e-04
2.4300000e+01		-5.1733187e-02		7.4318618e-04
2.4320000e+01		-5.1796066e-02		7.4322324e-04
2.4340000e+01		-5.1858845e-02		7.4326053e-04
2.4360000e+01		-5.1921525e-02		7.4329802e-04
2.4380000e+01		-5.1984104e-02		7.4333574e-04
2.4400000e+01		-5.2046584e-02		7.4337368e-04
2.4420000e+01		-5.2108965e-02		7.4341184e-04
2.4440000e+01		-5.2171248e-02		7.4345022e-04
2.4460000e+01		-5.2233431e-02		7.4348882e-04
2.4480000e+01		-5.2295516e-02		7.4352765e-04
2.4500000e+01		-5.2357503e-02		7.4356670e-04
2.4520000e+01		-5.2419392e-02		7.4360597e-04
2.4540000e+01		-5.2481184e-02		7.4364548e-04
2.4560000e+01		-5.2542878e-02		7.4368521e-04
2.4580000e+01		-5.2604475e-02		7.4372516e-04
2.4600000e+01		-5.2665976e-02		7.4376535e-04
2.4620000e+01		-5.2727379e-02		7.4380577e-04
2.4640000e+01		-5.2788686e-02		7.4384641e-04
2.4660000e+01		-5.2849898e-02		7.4388729e-04
2.4680000e+01		-5.2911013e-02		7.4392840e-04
2.4700000e+01		-5.2972033e-02		7.4396975e-04
2.4720000e+01		-5.3032957e-02		7.4401133e-04
2.4740000e+01		-5.3093787e-02		7.4405315e-04
2.4760000e+01		-5.3154521e-02		7.4409520e-04
2.4780000e+01		-5.3215161e-02		7.4413749e-04
2.4800000e+01		-5.3275707e-02		7.4418003e-04
2.4820000e+01		-5.3336158e-02		7.4422280e-04
2.4840000e+01		-5.3396516e-02		7.4426581e-04
2.4860000e+01		-5.3456780e-02		7.4430906e-04
2.4880000e+01		-5.3516950e-02		7.4435255e-04
2.4900000e+01		-5.3577028e-02		7.4439629e-04
2.4920000e+01		-5.3637012e-02		7.4444028e-04
2.4940000e+01		-5.3696904e-02		7.4448451e-04
2.4960000e+01		-5.3756704e-02		7.4452898e-04
2.4980000e+01		-5.3816411e-02		7.4457371e-04
2.5000000e+01		-5.3876026e-02		7.4461868e-04
2.5020000e+01		-5.3935550e-02		7.4466390e-04
2.5040000e+01		-5.3994982e-02		7.4470937e-04
2.5060000e+01		-5.4054323e-02		7.4475510e-04
2.5080000e+01		-5.4113573e-02		7.4480107e-04
2.5100000e+01		-5.4172732e-02		7.4484730e-04
2.5120000e+01		-5.4231801e-02		7.4489379e-04
2.5140000e+01		-5.4290779e-02		7.4494053e-04
2.5160000e+01		-5.4349668e-02		7.4498753e-04
2.5180000e+01		-5.4408466e-02		7.4503478e-04
2.5200000e+01		-5.4467175e-02		7.4508229e-04
2.5220000e+01		-5.4525794e-02		7.4513007e-04
2.5240000e+01		-5.4584325e-02		7.4517810e-04
2.5260000e+01		-5.4642766e-02		7.4522639e-04
2.5280000e+01		-5.4701119e-02		7.4527495e-04
2.5300000e+01		-5.4759383e-02		7.4532377e-04
2.5320000e+01		-5.4817560e-02		7.4537286e-04
2.5340000e+01		-5.4875648e-02		7.4542221e-04
2.5360000e+01		-5.4933648e-02		7.4547183e-04
2.5380000e+01		-5.4991561e-02		7.4552172e-04
2.5400000e+01		-5.5049386e-02		7.4557187e-04
2.5420000e+01		-5.5107125e-02		7.4562229e-04
2.5440000e+01		-5.5164776e-02		7.4567299e-04
2.5460000e+01		-5.5222341e-02		7.4572396e-04
2.5480000e+01		-5.5279819e-02		7.4577520e-04
2.5500000e+01		-5.5337212e-02		7.4582671e-04
2.5520000e+01		-5.5394518e-02		7.4587850e-04
2.5540000e+01		-5.5451738e-02		7.4593056e-04
2.5560000e+01		-5.5508873e-02		7.4598291e-04
2.5580000e+01		-5.5565923e-02		7.4603553e-04
2.5600000e+01		-5.5622887e-02		7.4608842e-04
2.5620000e+01		-5.5679767e-02		7.4614160e-04
2.5640000e+01		-5.5736562e-02		7.4619506e-04
2.5660000e+01		-5.5793272e-02		7.4624880e-04
2.5680000e+01		-5.5849899e-02		7.4630283e-04
2.5700000e+01		-5.5906441e-02		7.4635714e-04
2.5720000e+01		-5.5962899e-02		7.4641173e-04
2.5740000e+01		-5.6019274e-02		7.4646661e-04
2.5760000e+01		-5.6075565e-02		7.4652178e-04
2.5780000e+01		-5.6131773e-02		7.4657724e-04
2.5800000e+01		-5.6187899e-02		7.4663298e-04
2.5820000e+01		-5.6243941e-02		7.4668902e-04
2.5840000e+01		-5.6299901e-02		7.4674535e-04
2.5860000e+01		-5.6355779e-02		7.4680197e-04
2.5880000e+01		-5.6411574e-02		7.4685888e-04
2.5900000e+01		-5.6467288e-02		7.4691609e-04
2.5920000e+01		-5.6522919e-02		7.4697360e-04
2.5940000e+01		-5.6578470e-02		7.4703140e-04
2.5960000e+01		-5.6633939e-02		7.4708950e-04
2.5980000e+01		-5.6689327e-02		7.4714790e-04
2.6000000e+01		-5.6744634e-02		7.4720660e-04
2.6020000e+01		-5.6799860e-02		7.4726560e-04
2.6040000e+01		-5.6855006e-02		7.4732490e-04
2.6060000e+01		-5.6910072e-02		7.4738450e-04
2.6080000e+01		-5.6965058e-02		7.4744441e-04
2.6100000e+01		-5.7019963e-02		7.4750463e-04
2.6120000e+01		-5.7074789e-02		7.4756515e-04
2.6140000e+01		-5.7129536e-02		7.4762598e-04
2.6160000e+01		-5.7184204e-02		7.4768711e-04
2.6180000e+01		-5.7238792e-02		7.4774856e-04
2.6200000e+01		-5.7293301e-02		7.4781032e-04
2.6220000e+01		-5.7347732e-02		7.4787239e-04
2.6240000e+01		-5.7402085e-02		7.4793477e-04
2.6260000e+01		-5.7456359e-02		7.4799747e-04
2.6280000e+01		-5.7510555e-02		7.4806048e-04
2.6300000e+01		-5.7564673e-02		7.4812381e-04
2.6320000e+01		-5.7618714e-02		7.4818745e-04
2.6340000e+01		-5.7672677e-02		7.4825142e-04
2.6360000e+01		-5.7726563e-02		7.4831570e-04
2.6380000e+01		-5.7780372e-02		7.4838030e-04
2.6400000e+01		-5.7834103e-02		7.4844523e-04
2.6420000e+01		-5.7887759e-02		7.4851047e-04
2.6440000e+01		-5.7941337e-02		7.4857605e-04
2.6460000e+01		-5.7994840e-02		7.4864194e-04
2.6480000e+01		-5.8048266e-02		7.4870817e-04
2.6500000e+01		-5.8101617e-02		7.4877472e-04
2.6520000e+01		-5.8154891e-02		7.4884159e-04
2.6540000e+01		-5.8208090e-02		7.4890880e-04
2.6560000e+01		-5.8261214e-02		7.4897634e-04
2.6580000e+01		-5.8314263e-02		7.4904421e-04
2.6600000e+01		-5.8367237e-02		7.4911241e-04
2.6620000e+01		-5.8420136e-02		7.4918095e-04
2.6640000e+01		-5.8472960e-02		7.4924982e-04
2.6660000e+01		-5.8525710e-02		7.4931902e-04
2.6680000e+01		-5.8578386e-02		7.4938857e-04
2.6700000e+01		-5.8630987e-02		7.4945845e-04
2.6720000e+01		-5.8683515e-02		7.4952867e-04
2.6740000e+01		-5.8735969e-02		7.4959923e-04
2.6760000e+01		-5.8788350e-02		7.4967014e-04
2.6780000e+01		-5.8840658e-02		7.4974138e-04
2.6800000e+01		-5.8892892e-02		7.4981297e-04
2.6820000e+01		-5.8945054e-02		7.4988491e-04
2.6840000e+01		-5.8997142e-02		7.4995719e-04
2.6860000e+01		-5.9049158e-02		7.5002982e-04
2.6880000e+01		-5.9101102e-02		7.5010279e-04
2.6900000e+01		-5.9152974e-02		7.5017612e-04
2.6920000e+01		-5.9204774e-02		7.5024980e-04
2.6940000e+01		-5.9256502e-02		7.5032383e-04
2.6960000e+01		-5.9308158e-02		7.5039821e-04
2.6980000e+01		-5.9359742e-02		7.5047294e-04
2.7000000e+01		-5.9411256e-02		7.5054803e-04
2.7020000e+01		-5.9462698e-02		7.5062348e-04
2.7040000e+01		-5.9514070e-02		7.5069928e-04
2.7060000e+01		-5.9565370e-02		7.5077545e-04
2.7080000e+01		-5.9616601e-02		7.5085197e-04
2.7100000e+01		-5.9667760e-02		7.5092885e-04
2.7120000e+01		-5.9718850e-02		7.5100610e-04
2.7140000e+01		-5.9769869e-02		7.5108371e-04
2.7160000e+01		-5.9820819e-02		7.5116168e-04
2.7180000e+01		-5.9871699e-02		7.5124002e-04
2.7200000e+01		-5.9922509e-02		7.5131873e-04
2.7220000e+01		-5.9973250e-02		7.5139780e-04
2.7240000e+01		-6.0023922e-02		7.5147724e-04
2.7260000e+01		-6.0074525e-02		7.5155705e-04
2.7280000e+01		-6.0125059e-02		7.5163724e-04
2.7300000e+01		-6.0175525e-02		7.5171779e-04
2.7320000e+01		-6.0225922e-02		7.5179872e-04
2.7340000e+01		-6.0276251e-02		7.5188002e-04
2.7360000e+01		-6.0326511e-02		7.5196170e-04
2.7380000e+01		-6.0376704e-02		7.5204376e-04
2.7400000e+01		-6.0426828e-02		7.5212620e-04
2.7420000e+01		-6.0476886e-02		7.5220901e-04
2.7440000e+01		-6.0526875e-02		7.5229221e-04
2.7460000e+01		-6.0576798e-02		7.5237578e-04
2.7480000e+01		-6.0626653e-02		7.5245974e-04
2.7500000e+01		-6.0676442e-02		7.5254409e-04
2.7520000e+01		-6.0726163e-02		7.5262882e-04
2.7540000e+01		-6.0775818e-02		7.5271393e-04
2.7560000e+01		-6.0825407e-02		7.5279943e-04
2.7580000e+01		-6.0874929e-02		7.5288533e-04
2.7600000e+01		-6.0924385e-02		7.5297161e-04
2.7620000e+01		-6.0973775e-02		7.5305828e-04
2.7640000e+01		-6.1023100e-02		7.5314535e-04
2.7660000e+01		-6.1072358e-02		7.5323281e-04
2.7680000e+01		-6.1121552e-02		7.5332066e-04
2.7700000e+01		-6.1170680e-02		7.5340891e-04
2.7720000e+01		-6.1219743e-02		7.5349756e-04
2.7740000e+01		-6.1268740e-02		7.5358660e-04
2.7760000e+01		-6.1317674e-02		7.5367605e-04
2.7780000e+01		-6.1366542e-02		7.5376589e-04
2.7800000e+01		-6.1415346e-02		7.5385614e-04
2.7820000e+01		-6.1464086e-02		7.5394679e-04
2.7840000e+01		-6.1512761e-02		7.5403785e-04
2.7860000e+01		-6.1561373e-02		7.5412931e-04
2.7880000e+01		-6.1609920e-02		7.5422117e-04
2.7900000e+01		-6.1658404e-02		7.5431345e-04
2.7920000e+01		-6.1706825e-02		7.5440613e-04
2.7940000e+01		-6.1755182e-02		7.5449923e-04
2.7960000e+01		-6.1803476e-02		7.5459273e-04
2.7980000e+01		-6.1851706e-02		7.5468665e-04
2.8000000e+01		-6.1899874e-02		7.5478098e-04
2.8020000e+01		-6.1947979e-02		7.5487573e-04
2.8040000e+01		-6.1996022e-02		7.5497089e-04
2.8060000e+01		-6.2044002e-02		7.5506648e-04
2.8080000e+01		-6.2091920e-02		7.5516248e-04
2.8100000e+01		-6.2139776e-02		7.5525890e-04
2.8120000e+01		-6.2187570e-02		7.5535574e-04
2.8140000e+01		-6.2235302e-02		7.5545300e-04
2.8160000e+01		-6.2282972e-02		7.5555069e-04
2.8180000e+01		-6.2330581e-02		7.5564880e-04
2.8200000e+01		-6.2378128e-02		7.5574734e-04
2.8220000e+01		-6.2425615e-02		7.5584631e-04
2.8240000e+01		-6.2473040e-02		7.5594571e-04
2.8260000e+01		-6.2520405e-02		7.5604553e-04
2.8280000e+01		-6.2567708e-02		7.5614579e-04
2.8300000e+01		-6.2614951e-02		7.5624647e-04
2.8320000e+01		-6.2662134e-02		7.5634760e-04
2.8340000e+01		-6.2709256e-02		7.5644915e-04
2.8360000e+01		-6.2756319e-02		7.5655115e-04
2.8380000e+01		-6.2803321e-02		7.5665358e-04
2.8400000e+01		-6.2850263e-02		7.5675644e-04
2.8420000e+01		-6.2897146e-02		7.5685975e-04
2.8440000e+01		-6.2943969e-02		7.5696350e-04
2.8460000e+01		-6.2990733e-02		7.5706769e-04
2.8480000e+01		-6.3037438e-02		7.5717233e-04
2.8500000e+01		-6.3084083e-02		7.5727741e-04
2.8520000e+01		-6.3130670e-02		7.5738293e-04
2.8540000e+01		-6.3177198e-02		7.5748891e-04
2.8560000e+01		-6.3223667e-02		7.5759533e-04
2.8580000e+01		-6.3270077e-02		7.5770220e-04
2.8600000e+01		-6.3316429e-02		7.5780952e-04
2.8620000e+01		-6.3362724e-02		7.5791730e-04
2.8640000e+01		-6.3408959e-02		7.5802552e-04
2.8660000e+01		-6.3455138e-02		7.5813421e-04
2.8680000e+01		-6.3501258e-02		7.5824334e-04
2.8700000e+01		-6.3547320e-02		7.5835294e-04
2.8720000e+01		-6.3593326e-02		7.5846300e-04
2.8740000e+01		-6.3639273e-02		7.5857351e-04
2.8760000e+01		-6.3685164e-02		7.5868449e-04
2.8780000e+01		-6.3730997e-02		7.5879592e-04
2.8800000e+01		-6.3776774e-02		7.5890782e-04
2.8820000e+01		-6.3822494e-02		7.5902019e-04
2.8840000e+01		-6.3868157e-02		7.5913302e-04
2.8860000e+01		-6.3913764e-02		7.5924632e-04
2.8880000e+01		-6.3959314e-02		7.5936009e-04
2.8900000e+01		-6.4004808e-02		7.5947433e-04
2.8920000e+01		-6.4050246e-02		7.5958904e-04
2.8940000e+01		-6.4095628e-02		7.5970423e-04
2.8960000e+01		-6.4140955e-02		7.5981988e-04
2.8980000e+01		-6.4186225e-02		7.5993601e-04
2.9000000e+01		-6.4231440e-02		7.6005262e-04
2.9020000e+01		-6.4276600e-02		7.6016971e-04
2.9040000e+01		-6.4321705e-02		7.6028727e-04
2.9060000e+01		-6.4366754e-02		7.6040532e-04
2.9080000e+01		-6.4411748e-02		7.6052385e-04
2.9100000e+01		-6.4456688e-02		7.6064286e-04
2.9120000e+01		-6.4501573e-02		7.6076235e-04
2.9140000e+01		-6.4546403e-02		7.6088233e-04
2.9160000e+01		-6.4591179e-02		7.6100280e-04
2.9180000e+01		-6.4635901e-02		7.6112375e-04
2.9200000e+01		-6.4680568e-02		7.6124520e-04
2.9220000e+01		-6.4725182e-02		7.6136713e-04
2.9240000e+01		-6.4769741e-02		7.6148956e-04
2.9260000e+01		-6.4814247e-02		7.6161248e-04
2.9280000e+01		-6.4858699e-02		7.6173589e-04
2.9300000e+01		-6.4903098e-02		7.6185980e-04
2.9320000e+01		-6.4947444e-02		7.6198421e-04
2.9340000e+01		-6.4991736e-02		7.6210912e-04
2.9360000e+01		-6.5035975e-02		7.6223453e-04
2.9380000e+01		-6.5080161e-02		7.6236043e-04
2.9400000e+01		-6.5124294e-02		7.6248684e-04
2.9420000e+01		-6.5168375e-02		7.6261376e-04
2.9440000e+01		-6.5212403e-02		7.6274118e-04
2.9460000e+01		-6.5256379e-02		7.6286910e-04
2.9480000e+01		-6.5300302e-02		7.6299754e-04
2.9500000e+01		-6.5344174e-02		7.6312648e-04
2.9520000e+01		-6.5387993e-02		7.6325593e-04
2.9540000e+01		-6.5431760e-02		7.6338590e-04
2.9560000e+01		-6.5475476e-02		7.6351637e-04
2.9580000e+01		-6.5519140e-02		7.6364737e-04
2.9600000e+01		-6.5562752e-02		7.6377888e-04
2.9620000e+01		-6.5606313e-02		7.6391090e-04
2.9640000e+01		-6.5649823e-02		7.6404344e-04
2.9660000e+01		-6.5693282e-02		7.6417651e-04
2.9680000e+01		-6.5736689e-02		7.6431009e-04
2.9700000e+01		-6.5780046e-02		7.6444420e-04
2.9720000e+01		-6.5823352e-02		7.6457883e-04
2.9740000e+01		-6.5866608e-02		7.6471399e-04
2.9760000e+01		-6.5909812e-02		7.6484967e-04
2.9780000e+01		-6.5952967e-02		7.6498588e-04
2.9800000e+01		-6.5996071e-02		7.6512262e-04
2.9820000e+01		-6.6039126e-02		7.6525989e-04
2.9840000e+01		-6.6082130e-02		7.6539769e-04
2.9860000e+01		-6.6125084e-02		7.6553603e-04
2.9880000e+01		-6.6167989e-02		7.6567490e-04
2.9900000e+01		-6.6210844e-02		7.6581430e-04
2.9920000e+01		-6.6253649e-02		7.6595425e-04
2.9940000e+01		-6.6296406e-02		7.6609473e-04
2.9960000e+01		-6.6339113e-02		7.6623575e-04
2.9980000e+01		-6.6381770e-02		7.6637731e-04
3.0000000e+01		-6.6424379e-02		7.6651942e-04
3.0020000e+01		-6.6466939e-02		7.6666207e-04
3.0040000e+01		-6.6509451e-02		7.6680527e-04
3.0060000e+01		-6.6551913e-02		7.6694901e-04
3.0080000e+01		-6.6594327e-02		7.6709330e-04
3.0100000e+01		-6.6636693e-02		7.6723814e-04
3.0120000e+01		-6.6679010e-02		7.6738353e-04
3.0140000e+01		-6.6721280e-02		7.6752948e-04
3.0160000e+01		-6.6763501e-02		7.6767598e-04
3.0180000e+01		-6.6805674e-02		7.6782303e-04
3.0200000e+01		-6.6847800e-02		7.6797064e-04
3.0220000e+01		-6.6889878e-02		7.6811880e-04
3.0240000e+01		-6.6931909e-02		7.6826753e-04
3.0260000e+01		-6.6973892e-02		7.6841682e-04
3.0280000e+01		-6.7015827e-02		7.6856667e-04
3.0300000e+01		-6.7057716e-02		7.6871708e-04
3.0320000e+01		-6.7099557e-02		7.6886806e-04
3.0340000e+01		-6.7141352e-02		7.6901960e-04
3.0360000e+01		-6.7183100e-02		7.6917171e-04
3.0380000e+01		-6.7224801e-02		7.6932439e-04
3.0400000e+01		-6.7266455e-02		7.6947765e-04
3.0420000e+01		-6.7308063e-02		7.6963147e-04
3.0440000e+01		-6.7349625e-02		7.6978586e-04
3.0460000e+01		-6.7391140e-02		7.6994083e-04
3.0480000e+01		-6.7432609e-02		7.7009638e-04
3.0500000e+01		-6.7474032e-02		7.7025250e-04
3.0520000e+01		-6.7515410e-02		7.7040921e-04
3.0540000e+01		-6.7556741e-02		7.7056649e-04
3.0560000e+01		-6.7598027e-02		7.7072436e-04
3.0580000e+01		-6.7639268e-02		7.7088280e-04
3.0600000e+01		-6.7680463e-02		7.7104184e-04
3.0620000e+01		-6.7721612e-02		7.7120145e-04
3.0640000e+01		-6.7762717e-02		7.7136166e-04
3.0660000e+01		-6.7803776e-02		7.7152245e-04
3.0680000e+01		-6.7844790e-02		7.7168384e-04
3.0700000e+01		-6.7885760e-02		7.7184581e-04
3.0720000e+01		-6.7926685e-02		7.7200838e-04
3.0740000e+01		-6.7967565e-02		7.7217155e-04
3.0760000e+01		-6.8008401e-02		7.7233531e-04
3.0780000e+01		-6.8049192e-02		7.7249966e-04
3.0800000e+01		-6.8089939e-02		7.7266462e-04
3.0820000e+01		-6.8130642e-02		7.7283017e-04
3.0840000e+01		-6.8171300e-02		7.7299633e-04
3.0860000e+01		-6.8211915e-02		7.7316309e-04
3.0880000e+01		-6.8252486e-02		7.7333045e-04
3.0900000e+01		-6.8293013e-02		7.7349842e-04
3.0920000e+01		-6.8333497e-02		7.7366700e-04
3.0940000e+01		-6.8373937e-02		7.7383619e-04
3.0960000e+01		-6.8414333e-02		7.7400598e-04
3.0980000e+01		-6.8454687e-02		7.7417639e-04
3.1000000e+01		-6.8494997e-02		7.7434741e-04
3.1020000e+01		-6.8535264e-02		7.7451905e-04
3.1040000e+01		-6.8575488e-02		7.7469130e-04
3.1060000e+01		-6.8615669e-02		7.7486417e-04
3.1080000e+01		-6.8655808e-02		7.7503766e-04
3.1100000e+01		-6.8695904e-02		7.7521177e-04
3.1120000e+01		-6.8735957e-02		7.7538650e-04
3.1140000e+01		-6.8775968e-02		7.7556185e-04
3.1160000e+01		-6.8815937e-02		7.7573783e-04
3.1180000e+01		-6.8855863e-02		7.7591444e-04
3.1200000e+01		-6.8895747e-02		7.7609167e-04
3.1220000e+01		-6.8935590e-02		7.7626953e-04
3.1240000e+01		-6.8975390e-02		7.7644802e-04
3.1260000e+01		-6.9015149e-02		7.7662715e-04
3.1280000e+01		-6.9054866e-02		7.7680691e-04
3.1300000e+01		-6.9094542e-02		7.7698730e-04
3.1320000e+01		-6.9134176e-02		7.7716833e-04
3.1340000e+01		-6.9173768e-02		7.7735000e-04
3.1360000e+01		-6.9213320e-02		7.7753230e-04
3.1380000e+01		-6.9252830e-02		7.7771525e-04
3.1400000e+01		-6.9292299e-02		7.7789884e-04
3.1420000e+01		-6.9331728e-02		7.7808307e-04
3.1440000e+01		-6.9371115e-02		7.7826795e-04
3.1460000e+01		-6.9410462e-02		7.7845348e-04
3.1480000e+01		-6.9449768e-02		7.7863966e-04
3.1500000e+01		-6.9489034e-02		7.7882648e-04
3.1520000e+01		-6.9528259e-02		7.7901396e-04
3.1540000e+01		-6.9567444e-02		7.7920208e-04
3.1560000e+01		-6.9606589e-02		7.7939087e-04
3.1580000e+01		-6.9645693e-02		7.7958031e-04
3.1600000e+01		-6.9684758e-02		7.7977040e-04
3.1620000e+01		-6.9723783e-02		7.7996116e-04
3.1640000e+01		-6.9762768e-02		7.8015257e-04
3.1660000e+01		-6.9801713e-02		7.8034465e-04
3.1680000e+01		-6.9840619e-02		7.8053739e-04
3.1700000e+01		-6.9879485e-02		7.8073080e-04
3.1720000e+01		-6.9918312e-02		7.8092487e-04
3.1740000e+01		-6.9957100e-02		7.8111961e-04
3.1760000e+01		-6.9995848e-02		7.8131502e-04
3.1780000e+01		-7.0034558e-02		7.8151110e-04
3.1800000e+01		-7.0073228e-02		7.8170785e-04
3.1820000e+01		-7.0111860e-02		7.8190528e-04
3.1840000e+01		-7.0150452e-02		7.8210338e-04
3.1860000e+01		-7.0189006e-02		7.8230216e-04
3.1880000e+01		-7.0227522e-02		7.8250162e-04
3.1900000e+01		-7.0265999e-02		7.8270176e-04
3.1920000e+01		-7.0304438e-02		7.8290258e-04
3.1940000e+01		-7.0342838e-02		7.8310408e-04
3.1960000e+01		-7.0381200e-02		7.8330627e-04
3.1980000e+01		-7.0419524e-02		7.8350914e-04
3.2000000e+01		-7.0457810e-02		7.8371270e-04
3.2020000e+01		-7.0496059e-02		7.8391695e-04
3.2040000e+01		-7.0534269e-02		7.8412189e-04
3.2060000e+01		-7.0572442e-02		7.8432753e-04
3.2080000e+01		-7.0610577e-02		7.8453385e-04
3.2100000e+01		-7.0648675e-02		7.8474088e-04
3.2120000e+01		-7.0686735e-02		7.8494860e-04
3.2140000e+01		-7.0724759e-02		7.8515701e-04
3.2160000e+01		-7.0762744e-02		7.8536613e-04
3.2180000e+01		-7.0800693e-02		7.8557595e-04
3.2200000e+01		-7.0838605e-02		7.8578648e-04
3.2220000e+01		-7.0876480e-02		7.8599770e-04
3.2240000e+01		-7.0914318e-02		7.8620964e-04
3.2260000e+01		-7.0952119e-02		7.8642228e-04
3.2280000e+01		-7.0989884e-02		7.8663563e-04
3.2300000e+01		-7.1027612e-02		7.8684969e-04
3.2320000e+01		-7.1065304e-02		7.8706447e-04
3.2340000e+01		-7.1102960e-02		7.8727996e-04
3.2360000e+01		-7.1140579e-02		7.8749616e-04
3.2380000e+01		-7.1178162e-02		7.8771309e-04
3.2400000e+01		-7.1215709e-02		7.8793073e-04
3.2420000e+01		-7.1253220e-02		7.8814909e-04
3.2440000e+01		-7.1290695e-02		7.8836817e-04
3.2460000e+01		-7.1328135e-02		7.8858798e-04
3.2480000e+01		-7.1365539e-02		7.8880851e-04
3.2500000e+01		-7.1402907e-02		7.8902977e-04
3.2520000e+01		-7.1440240e-02		7.8925176e-04
3.2540000e+01		-7.1477537e-02		7.8947448e-04
3.2560000e+01		-7.1514799e-02		7.8969792e-04
3.2580000e+01		-7.1552026e-02		7.8992211e-04
3.2600000e+01		-7.1589218e-02		7.9014702e-04
3.2620000e+01		-7.1626375e-02		7.9037268e-04
3.2640000e+01		-7.1663497e-02		7.9059907e-04
3.2660000e+01		-7.1700584e-02		7.9082620e-04
3.2680000e+01		-7.1737636e-02		7.9105407e-04
3.2700000e+01		-7.1774654e-02		7.9128268e-04
3.2720000e+01		-7.1811637e-02		7.9151204e-04
3.2740000e+01		-7.1848585e-02		7.9174215e-04
3.2760000e+01		-7.1885500e-02		7.9197300e-04
3.2780000e+01		-7.1922380e-02		7.9220460e-04
3.2800000e+01		-7.1959225e-02		7.9243695e-04
3.2820000e+01		-7.1996037e-02		7.9267005e-04
3.2840000e+01		-7.2032815e-02		7.9290391e-04
3.2860000e+01		-7.2069559e-02		7.9313853e-04
3.2880000e+01		-7.2106269e-02		7.9337390e-04
3.2900000e+01		-7.2142945e-02		7.9361003e-04
3.2920000e+01		-7.2179587e-02		7.9384692e-04
3.2940000e+01		-7.2216196e-02		7.9408457e-04
3.2960000e+01		-7.2252772e-02		7.9432298e-04
3.2980000e+01		-7.2289314e-02		7.9456217e-04
3.3000000e+01		-7.2325823e-02		7.9480211e-04
3.3020000e+01		-7.2362299e-02		7.9504283e-04
3.3040000e+01		-7.2398741e-02		7.9528432e-04
3.3060000e+01		-7.2435151e-02		7.9552658e-04
3.3080000e+01		-7.2471527e-02		7.9576961e-04
3.3100000e+01		-7.2507871e-02		7.9601342e-04
3.3120000e+01		-7.2544182e-02		7.9625800e-04
3.3140000e+01		-7.2580461e-02		7.9650336e-04
3.3160000e+01		-7.2616706e-02		7.9674951e-04
3.3180000e+01		-7.2652920e-02		7.9699643e-04
3.3200000e+01		-7.2689101e-02		7.9724414e-04
3.3220000e+01		-7.2725249e-02		7.9749263e-04
3.3240000e+01		-7.2761365e-02		7.9774191e-04
3.3260000e+01		-7.2797450e-02		7.9799198e-04
3.3280000e+01		-7.2833502e-02		7.9824284e-04
3.3300000e+01		-7.2869522e-02		7.9849449e-04
3.3320000e+01		-7.2905510e-02		7.9874693e-04
3.3340000e+01		-7.2941467e-02		7.9900017e-04
3.3360000e+01		-7.2977391e-02		7.9925421e-04
3.3380000e+01		-7.3013285e-02		7.9950904e-04
3.3400000e+01		-7.3049146e-02		7.9976468e-04
3.3420000e+01		-7.3084976e-02		8.0002111e-04
3.3440000e+01		-7.3120775e-02		8.0027835e-04
3.3460000e+01		-7.3156543e-02		8.0053640e-04
3.3480000e+01		-7.3192279e-02		8.0079525e-04
3.3500000e+01		-7.3227984e-02		8.0105491e-04
3.3520000e+01		-7.3263658e-02		8.0131538e-04
3.3540000e+01		-7.3299302e-02		8.0157666e-04
3.3560000e+01		-7.3334914e-02		8.0183875e-04
3.3580000e+01		-7.3370496e-02		8.0210166e-04
3.3600000e+01		-7.3406046e-02		8.0236539e-04
3.3620000e+01		-7.3441567e-02		8.0262994e-04
3.3640000e+01		-7.3477057e-02		8.0289530e-04
3.3660000e+01		-7.3512516e-02		8.0316149e-04
3.3680000e+01		-7.3547945e-02		8.0342850e-04
3.3700000e+01		-7.3583344e-02		8.0369634e-04
3.3720000e+01		-7.3618712e-02		8.0396500e-04
3.3740000e+01		-7.3654050e-02		8.0423450e-04
3.3760000e+01		-7.3689359e-02		8.0450482e-04
3.3780000e+01		-7.3724637e-02		8.0477598e-04
3.3800000e+01		-7.3759886e-02		8.0504797e-04
3.3820000e+01		-7.3795105e-02		8.0532079e-04
3.3840000e+01		-7.3830294e-02		8.0559446e-04
3.3860000e+01		-7.3865453e-02		8.0586896e-04
3.3880000e+01		-7.3900583e-02		8.0614430e-04
3.3900000e+01		-7.3935684e-02		8.0642049e-04
3.3920000e+01		-7.3970755e-02		8.0669752e-04
3.3940000e+01		-7.4005797e-02		8.0697540e-04
3.3960000e+01		-7.4040810e-02		8.0725412e-04
3.3980000e+01		-7.4075793e-02		8.0753369e-04
3.4000000e+01		-7.4110748e-02		8.0781412e-04
3.4020000e+01		-7.4145673e-02		8.0809540e-04
3.4040000e+01		-7.4180570e-02		8.0837753e-04
3.4060000e+01		-7.4215438e-02		8.0866052e-04
3.4080000e+01		-7.4250277e-02		8.0894437e-04
3.4100000e+01		-7.4285088e-02		8.0922908e-04
3.4120000e+01		-7.4319870e-02		8.0951465e-04
3.4140000e+01		-7.4354623e-02		8.0980108e-04
3.4160000e+01		-7.4389348e-02		8.1008838e-04
3.4180000e+01		-7.4424045e-02		8.1037655e-04
3.4200000e+01		-7.4458714e-02		8.1066558e-04
3.4220000e+01		-7.4493354e-02		8.1095549e-04
3.4240000e+01		-7.4527967e-02		8.1124626e-04
3.4260000e+01		-7.4562551e-02		8.1153791e-04
3.4280000e+01		-7.4597107e-02		8.1183044e-04
3.4300000e+01		-7.4631636e-02		8.1212385e-04
3.4320000e+01		-7.4666137e-02		8.1241813e-04
3.4340000e+01		-7.4700610e-02		8.1271330e-04
3.4360000e+01		-7.4735055e-02		8.1300935e-04
3.4380000e+01		-7.4769473e-02		8.1330628e-04
3.4400000e+01		-7.4803864e-02		8.1360410e-04
3.4420000e+01		-7.4838227e-02		8.1390281e-04
3.4440000e+01		-7.4872563e-02		8.1420241e-04
3.4460000e+01		-7.4906872e-02		8.1450290e-04
3.4480000e+01		-7.4941153e-02		8.1480428e-04
3.4500000e+01		-7.4975408e-02		8.1510656e-04
3.4520000e+01		-7.5009635e-02		8.1540974e-04
3.4540000e+01		-7.5043836e-02		8.1571382e-04
3.4560000e+01		-7.5078009e-02		8.1601880e-04
3.4580000e+01		-7.5112156e-02		8.1632468e-04
3.4600000e+01		-7.5146277e-02		8.1663146e-04
3.4620000e+01		-7.5180370e-02		8.1693915e-04
3.4640000e+01		-7.5214438e-02		8.1724775e-04
3.4660000e+01		-7.5248478e-02		8.1755726e-04
3.4680000e+01		-7.5282493e-02		8.1786768e-04
3.4700000e+01		-7.5316481e-02		8.1817902e-04
3.4720000e+01		-7.5350443e-02		8.1849127e-04
3.4740000e+01		-7.5384379e-02		8.1880443e-04
3.4760000e+01		-7.5418288e-02		8.1911852e-04
3.4780000e+01		-7.5452172e-02		8.1943353e-04
3.4800000e+01		-7.5486030e-02		8.1974946e-04
3.4820000e+01		-7.5519862e-02		8.2006631e-04
3.4840000e+01		-7.5553668e-02		8.2038410e-04
3.4860000e+01		-7.5587448e-02		8.2070280e-04
3.4880000e+01		-7.5621203e-02		8.2102244e-04
3.4900000e+01		-7.5654933e-02		8.2134302e-04
3.4920000e+01		-7.5688636e-02		8.2166452e-04
3.4940000e+01		-7.5722315e-02		8.2198696e-04
3.4960000e+01		-7.5755968e-02		8.2231034e-04
3.4980000e+01		-7.5789596e-02		8.2263466e-04
3.5000000e+01		-7.5823199e-02		8.2295992e-04
3.5020000e+01		-7.5856776e-02		8.2328612e-04
3.5040000e+01		-7.5890329e-02		8.2361327e-04
3.5060000e+01		-7.5923857e-02		8.2394137e-04
3.5080000e+01		-7.5957359e-02		8.2427041e-04
3.5100000e+01		-7.5990837e-02		8.2460040e-04
3.5120000e+01		-7.6024291e-02		8.2493135e-04
3.5140000e+01		-7.6057719e-02		8.2526325e-04
3.5160000e+01		-7.6091123e-02		8.2559611e-04
3.5180000e+01		-7.6124503e-02		8.2592992e-04
3.5200000e+01		-7.6157858e-02		8.2626470e-04
3.5220000e+01		-7.6191189e-02		8.2660043e-04
3.5240000e+01		-7.6224495e-02		8.2693713e-04
3.5260000e+01		-7.6257778e-02		8.2727480e-04
3.5280000e+01		-7.6291036e-02		8.2761343e-04
3.5300000e+01		-7.6324270e-02		8.2795303e-04
3.5320000e+01		-7.6357480e-02		8.2829361e-04
3.5340000e+01		-7.6390666e-02		8.2863516e-04
3.5360000e+01		-7.6423828e-02		8.2897768e-04
3.5380000e+01		-7.6456967e-02		8.2932118e-04
3.5400000e+01		-7.6490081e-02		8.2966566e-04
3.5420000e+01		-7.6523173e-02		8.3001112e-04
3.5440000e+01		-7.6556240e-02		8.3035756e-04
3.5460000e+01		-7.6589284e-02		8.3070498e-04
3.5480000e+01		-7.6622305e-02		8.3105340e-04
3.5500000e+01		-7.6655302e-02		8.3140280e-04
3.5520000e+01		-7.6688276e-02		8.3175319e-04
3.5540000e+01		-7.6721227e-02		8.3210458e-04
3.5560000e+01		-7.6754154e-02		8.3245695e-04
3.5580000e+01		-7.6787059e-02		8.3281033e-04
3.5600000e+01		-7.6819941e-02		8.3316470e-04
3.5620000e+01		-7.6852799e-02		8.3352008e-04
3.5640000e+01		-7.6885635e-02		8.3387645e-04
3.5660000e+01		-7.6918448e-02		8.3423383e-04
3.5680000e+01		-7.6951238e-02		8.3459222e-04
3.5700000e+01		-7.6984006e-02		8.3495161e-04
3.5720000e+01		-7.7016751e-02		8.3531201e-04
3.5740000e+01		-7.7049473e-02		8.3567343e-04
3.5760000e+01		-7.7082173e-02		8.3603586e-04
3.5780000e+01		-7.7114851e-02		8.3639930e-04
3.5800000e+01		-7.7147506e-02		8.3676376e-04
3.5820000e+01		-7.7180139e-02		8.3712924e-04
3.5840000e+01		-7.7212750e-02		8.3749575e-04
3.5860000e+01		-7.7245339e-02		8.3786327e-04
3.5880000e+01		-7.7277906e-02		8.3823183e-04
3.5900000e+01		-7.7310451e-02		8.3860140e-04
3.5920000e+01		-7.7342974e-02		8.3897201e-04
3.5940000e+01		-7.7375475e-02		8.3934365e-04
3.5960000e+01		-7.7407955e-02		8.3971633e-04
3.5980000e+01		-7.7440412e-02		8.4009004e-04
3.6000000e+01		-7.7472849e-02		8.4046478e-04
3.6020000e+01		-7.7505263e-02		8.4084057e-04
3.6040000e+01		-7.7537656e-02		8.4121740e-04
3.6060000e+01		-7.7570028e-02		8.4159527e-04
3.6080000e+01		-7.7602378e-02		8.4197419e-04
3.6100000e+01		-7.7634707e-02		8.4235415e-04
3.6120000e+01		-7.7667015e-02		8.4273516e-04
3.6140000e+01		-7.7699302e-02		8.4311723e-04
3.6160000e+01		-7.7731567e-02		8.4350035e-04
3.6180000e+01		-7.7763812e-02		8.4388452e-04
3.6200000e+01		-7.7796036e-02		8.4426975e-04
3.6220000e+01		-7.7828238e-02		8.4465604e-04
3.6240000e+01		-7.7860420e-02		8.4504339e-04
3.6260000e+01		-7.7892582e-02		8.4543181e-04
3.6280000e+01		-7.7924722e-02		8.4582129e-04
3.6300000e+01		-7.7956842e-02		8.4621184e-04
3.6320000e+01		-7.7988941e-02		8.4660346e-04
3.6340000e+01		-7.8021020e-02		8.4699615e-04
3.6360000e+01		-7.8053079e-02		8.4738991e-04
3.6380000e+01		-7.8085117e-02		8.4778475e-04
3.6400000e+01		-7.8117135e-02		8.4818067e-04
3.6420000e+01		-7.8149133e-02		8.4857766e-04
3.6440000e+01		-7.8181110e-02		8.4897574e-04
3.6460000e+01		-7.8213068e-02		8.4937491e-04
3.6480000e+01		-7.8245005e-02		8.4977516e-04
3.6500000e+01		-7.8276923e-02		8.5017649e-04
3.6520000e+01		-7.8308820e-02		8.5057892e-04
3.6540000e+01		-7.8340698e-02		8.5098244e-04
3.6560000e+01		-7.8372556e-02		8.5138705e-04
3.6580000e+01		-7.8404394e-02		8.5179276e-04
3.6600000e+01		-7.8436213e-02		8.5219957e-04
3.6620000e+01		-7.8468012e-02		8.5260748e-04
3.6640000e+01		-7.8499792e-02		8.5301649e-04
3.6660000e+01		-7.8531552e-02		8.5342661e-04
3.6680000e+01		-7.8563293e-02		8.5383783e-04
3.6700000e+01		-7.8595014e-02		8.5425016e-04
3.6720000e+01		-7.8626717e-02		8.5466360e-04
3.6740000e+01		-7.8658400e-02		8.5507816e-04
3.6760000e+01		-7.8690064e-02		8.5549383e-04
3.6780000e+01		-7.8721709e-02		8.5591062e-04
3.6800000e+01		-7.8753335e-02		8.5632853e-04
3.6820000e+01		-7.8784942e-02		8.5674756e-04
3.6840000e+01		-7.8816530e-02		8.5716771e-04
3.6860000e+01		-7.8848100e-02		8.5758899e-04
3.6880000e+01		-7.8879651e-02		8.5801139e-04
3.6900000e+01		-7.8911183e-02		8.5843493e-04
3.6920000e+01		-7.8942696e-02		8.5885960e-04
3.6940000e+01		-7.8974191e-02		8.5928540e-04
3.6960000e+01		-7.9005668e-02		8.5971234e-04
3.6980000e+01		-7.9037126e-02		8.6014041e-04
3.7000000e+01		-7.9068565e-02		8.6056963e-04
3.7020000e+01		-7.9099987e-02		8.6099999e-04
3.7040000e+01		-7.9131390e-02		8.6143149e-04
3.7060000e+01		-7.9162775e-02		8.6186415e-04
3.7080000e+01		-7.9194142e-02		8.6229795e-04
3.7100000e+01		-7.9225491e-02		8.6273290e-04
3.7120000e+01		-7.9256822e-02		8.6316900e-04
3.7140000e+01		-7.9288135e-02		8.6360627e-04
3.7160000e+01		-7.9319430e-02		8.6404469e-04
3.7180000e+01		-7.9350708e-02		8.6448426e-04
3.7200000e+01		-7.9381968e-02		8.6492501e-04
3.7220000e+01		-7.9413210e-02		8.6536691e-04
3.7240000e+01		-7.9444434e-02		8.6580998e-04
3.7260000e+01		-7.9475641e-02		8.6625422e-04
3.7280000e+01		-7.9506831e-02		8.6669963e-04
3.7300000e+01		-7.9538003e-02		8.6714622e-04
3.7320000e+01		-7.9569157e-02		8.6759398e-04
3.7340000e+01		-7.9600295e-02		8.6804292e-04
3.7360000e+01		-7.9631415e-02		8.6849303e-04
3.7380000e+01		-7.9662518e-02		8.6894433e-04
3.7400000e+01		-7.9693604e-02		8.6939681e-04
3.7420000e+01		-7.9724673e-02		8.6985048e-04
3.7440000e+01		-7.9755725e-02		8.7030534e-04
3.7460000e+01		-7.9786760e-02		8.7076138e-04
3.7480000e+01		-7.9817778e-02		8.7121862e-04
3.7500000e+01		-7.9848779e-02		8.7167706e-04
3.7520000e+01		-7.9879764e-02		8.7213669e-04
3.7540000e+01		-7.9910732e-02		8.7259752e-04
3.7560000e+01		-7.9941683e-02		8.7305956e-04
3.7580000e+01		-7.9972618e-02		8.7352279e-04
3.7600000e+01		-8.0003536e-02		8.7398724e-04
3.7620000e+01		-8.0034438e-02		8.7445289e-04
3.7640000e+01		-8.0065323e-02		8.7491975e-04
3.7660000e+01		-8.0096192e-02		8.7538783e-04
3.7680000e+01		-8.0127045e-02		8.7585712e-04
3.7700000e+01		-8.0157882e-02		8.7632763e-04
3.7720000e+01		-8.0188702e-02		8.7679935e-04
3.7740000e+01		-8.0219507e-02		8.7727230e-04
3.7760000e+01		-8.0250295e-02		8.7774648e-04
3.7780000e+01		-8.0281068e-02		8.7822188e-04
3.7800000e+01		-8.0311824e-02		8.7869850e-04
3.7820000e+01		-8.0342565e-02		8.7917636e-04
3.7840000e+01		-8.0373290e-02		8.7965546e-04
3.7860000e+01		-8.0403999e-02		8.8013578e-04
3.7880000e+01		-8.0434693e-02		8.8061735e-04
3.7900000e+01		-8.0465371e-02		8.8110016e-04
3.7920000e+01		-8.0496033e-02		8.8158420e-04
3.7940000e+01		-8.0526680e-02		8.8206950e-04
3.7960000e+01		-8.0557312e-02		8.8255604e-04
3.7980000e+01		-8.0587928e-02		8.8304383e-04
3.8000000e+01		-8.0618529e-02		8.8353287e-04
3.8020000e+01		-8.0649115e-02		8.8402316e-04
3.8040000e+01		-8.0679685e-02		8.8451471e-04
3.8060000e+01		-8.0710240e-02		8.8500752e-04
3.8080000e+01		-8.0740781e-02		8.8550159e-04
3.8100000e+01		-8.0771306e-02		8.8599692e-04
3.8120000e+01		-8.0801816e-02		8.8649352e-04
3.8140000e+01		-8.0832311e-02		8.8699139e-04
3.8160000e+01		-8.0862792e-02		8.8749053e-04
3.8180000e+01		-8.0893258e-02		8.8799093e-04
3.8200000e+01		-8.0923709e-02		8.8849262e-04
3.8220000e+01		-8.0954145e-02		8.8899558e-04
3.8240000e+01		-8.0984567e-02		8.8949982e-04
3.8260000e+01		-8.1014974e-02		8.9000534e-04
3.8280000e+01		-8.1045367e-02		8.9051215e-04
3.8300000e+01		-8.1075745e-02		8.9102024e-04
3.8320000e+01		-8.1106109e-02		8.9152962e-04
3.8340000e+01		-8.1136458e-02		8.9204029e-04
3.8360000e+01		-8.1166794e-02		8.9255226e-04
3.8380000e+01		-8.1197115e-02		8.9306552e-04
3.8400000e+01		-8.1227422e-02		8.9358008e-04
3.8420000e+01		-8.1257714e-02		8.9409594e-04
3.8440000e+01		-8.1287993e-02		8.9461311e-04
3.8460000e+01		-8.1318258e-02		8.9513158e-04
3.8480000e+01		-8.1348509e-02		8.9565135e-04
3.8500000e+01		-8.1378746e-02		8.9617244e-04
3.8520000e+01		-8.1408969e-02		8.9669484e-04
3.8540000e+01		-8.1439179e-02		8.9721856e-04
3.8560000e+01		-8.1469375e-02		8.9774359e-04
3.8580000e+01		-8.1499557e-02		8.9826994e-04
3.8600000e+01		-8.1529725e-02		8.9879762e-04
3.8620000e+01		-8.1559880e-02		8.9932662e-04
3.8640000e+01		-8.1590022e-02		8.9985694e-04
3.8660000e+01		-8.1620150e-02		9.0038860e-04
3.8680000e+01		-8.1650265e-02		9.0092159e-04
3.8700000e+01		-8.1680366e-02		9.0145591e-04
3.8720000e+01		-8.1710455e-02		9.0199157e-04
3.8740000e+01		-8.1740530e-02		9.0252857e-04
3.8760000e+01		-8.1770592e-02		9.0306691e-04
3.8780000e+01		-8.1800640e-02		9.0360660e-04
3.8800000e+01		-8.1830676e-02		9.0414763e-04
3.8820000e+01		-8.1860699e-02		9.0469001e-04
3.8840000e+01		-8.1890709e-02		9.0523374e-04
3.8860000e+01		-8.1920706e-02		9.0577883e-04
3.8880000e+01		-8.1950690e-02		9.0632527e-04
3.8900000e+01		-8.1980662e-02		9.0687307e-04
3.8920000e+01		-8.2010621e-02		9.0742223e-04
3.8940000e+01		-8.2040567e-02		9.0797276e-04
3.8960000e+01		-8.2070501e-02		9.0852465e-04
3.8980000e+01		-8.2100422e-02		9.0907791e-04
3.9000000e+01		-8.2130331e-02		9.0963254e-04
3.9020000e+01		-8.2160227e-02		9.1018855e-04
3.9040000e+01		-8.2190111e-02		9.1074593e-04
3.9060000e+01		-8.2219982e-02		9.1130470e-04
3.9080000e+01		-8.2249842e-02		9.1186484e-04
3.9100000e+01		-8.2279689e-02		9.1242637e-04
3.9120000e+01		-8.2309524e-02		9.1298928e-04
3.9140000e+01		-8.2339347e-02		9.1355358e-04
3.9160000e+01		-8.2369157e-02		9.1411928e-04
3.9180000e+01		-8.2398956e-02		9.1468636e-04
3.9200000e+01		-8.2428743e-02		9.1525485e-04
3.9220000e+01		-8.2458518e-02		9.1582473e-04
3.9240000e+01		-8.2488282e-02		9.1639601e-04
3.9260000e+01		-8.2518033e-02		9.1696870e-04
3.9280000e+01		-8.2547773e-02		9.1754280e-04
3.9300000e+01		-8.2577501e-02		9.1811830e-04
3.9320000e+01		-8.2607218e-02		9.1869522e-04
3.9340000e+01		-8.2636923e-02		9.1927355e-04
3.9360000e+01		-8.2666616e-02		9.1985329e-04
3.9380000e+01		-8.2696299e-02		9.2043446e-04
3.9400000e+01		-8.2725969e-02		9.2101705e-04
3.9420000e+01		-8.2755629e-02		9.2160106e-04
3.9440000e+01		-8.2785277e-02		9.2218650e-04
3.9460000e+01		-8.2814914e-02		9.2277337e-04
3.9480000e+01		-8.2844539e-02		9.2336167e-04
3.9500000e+01		-8.2874154e-02		9.2395141e-04
3.9520000e+01		-8.2903758e-02		9.2454258e-04
3.9540000e+01		-8.2933350e-02		9.2513519e-04
3.9560000e+01		-8.2962932e-02		9.2572925e-04
3.9580000e+01		-8.2992502e-02		9.2632475e-04
3.9600000e+01		-8.3022062e-02		9.2692170e-04
3.9620000e+01		-8.3051611e-02		9.2752010e-04
3.9640000e+01		-8.3081150e-02		9.2811996e-04
3.9660000e+01		-8.3110677e-02		9.2872127e-04
3.9680000e+01		-8.3140194e-02		9.2932403e-04
3.9700000e+01		-8.3169701e-02		9.2992826e-04
3.9720000e+01		-8.3199196e-02		9.3053395e-04
3.9740000e+01		-8.3228682e-02		9.3114111e-04
3.9760000e+01		-8.3258157e-02		9.3174974e-04
3.9780000e+01		-8.3287621e-02		9.3235984e-04
3.9800000e+01		-8.3317076e-02		9.3297141e-04
3.9820000e+01		-8.3346519e-02		9.3358446e-04
3.9840000e+01		-8.3375953e-02		9.3419899e-04
3.9860000e+01		-8.3405377e-02		9.3481500e-04
3.9880000e+01		-8.3434790e-02		9.3543250e-04
3.9900000e+01		-8.3464194e-02		9.3605148e-04
3.9920000e+01		-8.3493587e-02		9.3667196e-04
3.9940000e+01		-8.3522971e-02		9.3729392e-04
3.9960000e+01		-8.3552344e-02		9.3791739e-04
3.9980000e+01		-8.3581708e-02		9.3854235e-04
4.0000000e+01		-8.3611062e-02		0.0000000e+00
