0.0000000e+00		1.0000000e+00		0.0000000e+00
2.0000000e-02		9.9993334e-01		1.0656157e-09
4.0000000e-02		9.9973360e-01		8.5149645e-09
6.0000000e-02		9.9940115e-01		2.8692727e-08
8.0000000e-02		9.9893658e-01		6.7873938e-08
1.0000000e-01		9.9834062e-01		1.3223453e-07
1.2000000e-01		9.9761423e-01		2.2782287e-07
1.4000000e-01		9.9675852e-01		3.6053237e-07
1.6000000e-01		9.9577478e-01		5.3607559e-07
1.8000000e-01		9.9466447e-01		7.5995977e-07
2.0000000e-01		9.9342922e-01		1.0374642e-06
2.2000000e-01		9.9207081e-01		1.3736192e-06
2.4000000e-01		9.9059117e-01		1.7731878e-06
2.6000000e-01		9.8899236e-01		2.2406483e-06
2.8000000e-01		9.8727660e-01		2.7801806e-06
3.0000000e-01		9.8544621e-01		3.3956531e-06
3.2000000e-01		9.8350365e-01		4.0906134e-06
3.4000000e-01		9.8145147e-01		4.8682797e-06
3.6000000e-01		9.7929234e-01		5.7315363e-06
3.8000000e-01		9.7702899e-01		6.6829293e-06
4.0000000e-01		9.7466427e-01		7.7246659e-06
4.2000000e-01		9.7220108e-01		8.8586152e-06
4.4000000e-01		9.6964238e-01		1.0086311e-05
4.6000000e-01		9.6699120e-01		1.1408956e-05
4.8000000e-01		9.6425062e-01		1.2827428e-05
5.0000000e-01		9.6142374e-01		1.4342290e-05
5.2000000e-01		9.5851371e-01		1.5953795e-05
5.4000000e-01		9.5552367e-01		1.7661903e-05
5.6000000e-01		9.5245681e-01		1.9466285e-05
5.8000000e-01		9.4931631e-01		2.1366343e-05
6.0000000e-01		9.4610534e-01		2.3361219e-05
6.2000000e-01		9.4282708e-01		2.5449811e-05
6.4000000e-01		9.3948469e-01		2.7630788e-05
6.6000000e-01		9.3608129e-01		2.9902603e-05
6.8000000e-01		9.3261999e-01		3.2263511e-05
7.0000000e-01		9.2910388e-01		3.4711585e-05
7.2000000e-01		9.2553600e-01		3.7244730e-05
7.4000000e-01		9.2191933e-01		3.9860697e-05
7.6000000e-01		9.1825683e-01		4.2557103e-05
7.8000000e-01		9.1455141e-01		4.5331441e-05
8.0000000e-01		9.1080591e-01		4.8181101e-05
8.2000000e-01		9.0702311e-01		5.1103377e-05
8.4000000e-01		9.0320576e-01		5.4095487e-05
8.6000000e-01		8.9935652e-01		5.7154583e-05
8.8000000e-01		8.9547799e-01		6.0277766e-05
9.0000000e-01		8.9157272e-01		6.3462097e-05
9.2000000e-01		8.8764316e-01		6.6704608e-05
9.4000000e-01		8.8369174e-01		7.0002314e-05
9.6000000e-01		8.7972077e-01		7.3352223e-05
9.8000000e-01		8.7573251e-01		7.6751345e-05
1.0000000e+00		8.7172916e-01		8.0196704e-05
1.0200000e+00		8.6771284e-01		8.3685343e-05
1.0400000e+00		8.6368559e-01		8.7214330e-05
1.0600000e+00		8.5964939e-01		9.0780771e-05
1.0800000e+00		8.5560613e-01		9.4381810e-05
1.1000000e+00		8.5155767e-01		9.8014640e-05
1.1200000e+00		8.4750575e-01		1.0167650e-04
1.1400000e+00		8.4345208e-01		1.0536470e-04
1.1600000e+00		8.3939828e-01		1.0907659e-04
1.1800000e+00		8.3534591e-01		1.1280959e-04
1.2000000e+00		8.3129647e-01		1.1656120e-04
1.2200000e+00		8.2725138e-01		1.2032897e-04
1.2400000e+00		8.2321202e-01		1.2411054e-04
1.2600000e+00		8.1917968e-01		1.2790361e-04
1.2800000e+00		8.1515561e-01		1.3170596e-04
1.3000000e+00		8.1114098e-01		1.3551544e-04
1.3200000e+00		8.0713694e-01		1.3932998e-04
1.3400000e+00		8.0314454e-01		1.4314758e-04
1.3600000e+00		7.9916481e-01		1.4696633e-04
1.3800000e+00		7.9519870e-01		1.5078439e-04
1.4000000e+00		7.9124712e-01		1.5459999e-04
1.4200000e+00		7.8731095e-01		1.5841143e-04
1.4400000e+00		7.8339097e-01		1.6221710e-04
1.4600000e+00		7.7948798e-01		1.6601546e-04
1.4800000e+00		7.7560267e-01		1.6980504e-04
1.5000000e+00		7.7173574e-01		1.7358443e-04
1.5200000e+00		7.6788781e-01		1.7735229e-04
1.5400000e+00		7.6405948e-01		1.8110737e-04
1.5600000e+00		7.6025130e-01		1.8484847e-04
1.5800000e+00		7.5646380e-01		1.8857446e-04
1.6000000e+00		7.5269745e-01		1.9228425e-04
1.6200000e+00		7.4895269e-01		1.9597685e-04
1.6400000e+00		7.4522995e-01		1.9965131e-04
1.6600000e+00		7.4152961e-01		2.0330672e-04
1.6800000e+00		7.3785201e-01		2.0694226e-04
1.7000000e+00		7.3419747e-01		2.1055714e-04
1.7200000e+00		7.3056629e-01		2.1415062e-04
1.7400000e+00		7.2695874e-01		2.1772204e-04
1.7600000e+00		7.2337505e-01		2.2127074e-04
1.7800000e+00		7.1981544e-01		2.2479616e-04
1.8000000e+00		7.1628011e-01		2.2829775e-04
1.8200000e+00		7.1276922e-01		2.3177500e-04
1.8400000e+00		7.0928292e-01		2.3522747e-04
1.8600000e+00		7.0582133e-01		2.3865473e-04
1.8800000e+00		7.0238458e-01		2.4205641e-04
1.9000000e+00		6.9897275e-01		2.4543215e-04
1.9200000e+00		6.9558591e-01		2.4878166e-04
1.9400000e+00		6.9222411e-01		2.5210465e-04
1.9600000e+00		6.8888741e-01		2.5540089e-04
1.9800000e+00		6.8557582e-01		2.5867015e-04
2.0000000e+00		6.8228936e-01		2.6191225e-04
2.0200000e+00		6.7902801e-01		2.6512704e-04
2.0400000e+00		6.7579178e-01		2.6831438e-04
2.0600000e+00		6.7258063e-01		2.7147417e-04
2.0800000e+00		6.6939452e-01		2.7460631e-04
2.1000000e+00		6.6623340e-01		2.7771075e-04
2.1200000e+00		6.6309722e-01		2.8078745e-04
2.1400000e+00		6.5998591e-01		2.8383638e-04
2.1600000e+00		6.5689938e-01		2.8685754e-04
2.1800000e+00		6.5383756e-01		2.8985096e-04
2.2000000e+00		6.5080034e-01		2.9281665e-04
2.2200000e+00		6.4778763e-01		2.9575468e-04
2.2400000e+00		6.4479931e-01		2.9866509e-04
2.2600000e+00		6.4183528e-01		3.0154797e-04
2.2800000e+00		6.3889540e-01		3.0440341e-04
2.3000000e+00		6.3597956e-01		3.0723151e-04
2.3200000e+00		6.3308762e-01		3.1003238e-04
2.3400000e+00		6.3021945e-01		3.1280615e-04
2.3600000e+00		6.2737489e-01		3.1555296e-04
2.3800000e+00		6.2455382e-01		3.1827294e-04
2.4000000e+00		6.2175607e-01		3.2096625e-04
2.4200000e+00		6.1898149e-01		3.2363305e-04
2.4400000e+00		6.1622992e-01		3.2627351e-04
2.4600000e+00		6.1350121e-01		3.2888780e-04
2.4800000e+00		6.1079520e-01		3.3147611e-04
2.5000000e+00		6.0811171e-01		3.3403862e-04
2.5200000e+00		6.0545058e-01		3.3657553e-04
2.5400000e+00		6.0281164e-01		3.3908703e-04
2.5600000e+00		6.0019472e-01		3.4157333e-04
2.5800000e+00		5.9759965e-01		3.4403464e-04
2.6000000e+00		5.9502624e-01		3.4647115e-04
2.6200000e+00		5.9247433e-01		3.4888310e-04
2.6400000e+00		5.8994374e-01		3.5127070e-04
2.6600000e+00		5.8743429e-01		3.5363416e-04
2.6800000e+00		5.8494580e-01		3.5597370e-04
2.7000000e+00		5.8247810e-01		3.5828956e-04
2.7200000e+00		5.8003099e-01		3.6058195e-04
2.7400000e+00		5.7760431e-01		3.6285111e-04
2.7600000e+00		5.7519788e-01		3.6509725e-04
2.7800000e+00		5.7281150e-01		3.6732062e-04
2.8000000e+00		5.7044501e-01		3.6952145e-04
2.8200000e+00		5.6809822e-01		3.7169995e-04
2.8400000e+00		5.6577095e-01		3.7385637e-04
2.8600000e+00		5.6346302e-01		3.7599093e-04
2.8800000e+00		5.6117426e-01		3.7810387e-04
2.9000000e+00		5.5890448e-01		3.8019541e-04
2.9200000e+00		5.5665350e-01		3.8226579e-04
2.9400000e+00		5.5442116e-01		3.8431524e-04
2.9600000e+00		5.5220726e-01		3.8634399e-04
2.9800000e+00		5.5001164e-01		3.8835226e-04
3.0000000e+00		5.4783413e-01		3.9034029e-04
3.0200000e+00		5.4567453e-01		3.9230830e-04
3.0400000e+00		5.4353269e-01		3.9425652e-04
3.0600000e+00		5.4140842e-01		3.9618517e-04
3.0800000e+00		5.3930157e-01		3.9809447e-04
3.1000000e+00		5.3721195e-01		3.9998465e-04
3.1200000e+00		5.3513940e-01		4.0185593e-04
3.1400000e+00		5.3308374e-01		4.0370853e-04
3.1600000e+00		5.3104482e-01		4.0554266e-04
3.1800000e+00		5.2902247e-01		4.0735855e-04
3.2000000e+00		5.2701652e-01		4.0915640e-04
3.2200000e+00		5.2502680e-01		4.1093643e-04
3.2400000e+00		5.2305316e-01		4.1269884e-04
3.2600000e+00		5.2109544e-01		4.1444386e-04
3.2800000e+00		5.1915347e-01		4.1617168e-04
3.3000000e+00		5.1722710e-01		4.1788251e-04
3.3200000e+00		5.1531616e-01		4.1957656e-04
3.3400000e+00		5.1342051e-01		4.2125402e-04
3.3600000e+00		5.1154000e-01		4.2291509e-04
3.3800000e+00		5.0967446e-01		4.2455998e-04
3.4000000e+00		5.0782374e-01		4.2618888e-04
3.4200000e+00		5.0598770e-01		4.2780197e-04
3.4400000e+00		5.0416619e-01		4.2939946e-04
3.4600000e+00		5.0235905e-01		4.3098154e-04
3.4800000e+00		5.0056615e-01		4.3254838e-04
3.5000000e+00		4.9878734e-01		4.3410017e-04
3.5200000e+00		4.9702248e-01		4.3563710e-04
3.5400000e+00		4.9527142e-01		4.3715935e-04
3.5600000e+00		4.9353402e-01		4.3866710e-04
3.5800000e+00		4.9181015e-01		4.4016052e-04
3.6000000e+00		4.9009967e-01		4.4163979e-04
3.6200000e+00		4.8840244e-01		4.4310509e-04
3.6400000e+00		4.8671832e-01		4.4455658e-04
3.6600000e+00		4.8504719e-01		4.4599443e-04
3.6800000e+00		4.8338891e-01		4.4741880e-04
3.7000000e+00		4.8174336e-01		4.4882987e-04
3.7200000e+00		4.8011039e-01		4.5022780e-04
3.7400000e+00		4.7848989e-01		4.5161274e-04
3.7600000e+00		4.7688173e-01		4.5298486e-04
3.7800000e+00		4.7528578e-01		4.5434431e-04
3.8000000e+00		4.7370191e-01		4.5569125e-04
3.8200000e+00		4.7213002e-01		4.5702582e-04
3.8400000e+00		4.7056997e-01		4.5834819e-04
3.8600000e+00		4.6902165e-01		4.5965849e-04
3.8800000e+00		4.6748493e-01		4.6095688e-04
3.9000000e+00		4.6595970e-01		4.6224351e-04
3.9200000e+00		4.6444585e-01		4.6351850e-04
3.9400000e+00		4.6294326e-01		4.6478201e-04
3.9600000e+00		4.6145182e-01		4.6603418e-04
3.9800000e+00		4.5997141e-01		4.6727513e-04
4.0000000e+00		4.5850192e-01		4.6850502e-04
4.0200000e+00		4.5704325e-01		4.6972397e-04
4.0400000e+00		4.5559529e-01		4.7093211e-04
4.0600000e+00		4.5415792e-01		4.7212958e-04
4.0800000e+00		4.5273105e-01		4.7331651e-04
4.1000000e+00		4.5131457e-01		4.7449301e-04
4.1200000e+00		4.4990837e-01		4.7565922e-04
4.1400000e+00		4.4851235e-01		4.7681526e-04
4.1600000e+00		4.4712642e-01		4.7796126e-04
4.1800000e+00		4.4575046e-01		4.7909732e-04
4.2000000e+00		4.4438439e-01		4.8022358e-04
4.2200000e+00		4.4302811e-01		4.8134015e-04
4.2400000e+00		4.4168151e-01		4.8244714e-04
4.2600000e+00		4.4034451e-01		4.8354467e-04
4.2800000e+00		4.3901700e-01		4.8463285e-04
4.3000000e+00		4.3769890e-01		4.8571180e-04
4.3200000e+00		4.3639011e-01		4.8678161e-04
4.3400000e+00		4.3509054e-01		4.8784241e-04
4.3600000e+00		4.3380011e-01		4.8889429e-04
4.3800000e+00		4.3251872e-01		4.8993737e-04
4.4000000e+00		4.3124628e-01		4.9097173e-04
4.4200000e+00		4.2998270e-01		4.9199750e-04
4.4400000e+00		4.2872791e-01		4.9301477e-04
4.4600000e+00		4.2748182e-01		4.9402363e-04
4.4800000e+00		4.2624433e-01		4.9502419e-04
4.5000000e+00		4.2501538e-01		4.9601654e-04
4.5200000e+00		4.2379487e-01		4.9700078e-04
4.5400000e+00		4.2258273e-01		4.9797701e-04
4.5600000e+00		4.2137887e-01		4.9894531e-04
4.5800000e+00		4.2018321e-01		4.9990578e-04
4.6000000e+00		4.1899568e-01		5.0085850e-04
4.6200000e+00		4.1781621e-01		5.0180358e-04
4.6400000e+00		4.1664470e-01		5.0274108e-04
4.6600000e+00		4.1548109e-01		5.0367111e-04
4.6800000e+00		4.1432530e-01		5.0459375e-04
4.7000000e+00		4.1317726e-01		5.0550908e-04
4.7200000e+00		4.1203689e-01		5.0641719e-04
4.7400000e+00		4.1090413e-01		5.0731816e-04
4.7600000e+00		4.0977890e-01		5.0821206e-04
4.7800000e+00		4.0866112e-01		5.0909898e-04
4.8000000e+00		4.0755074e-01		5.0997900e-04
4.8200000e+00		4.0644767e-01		5.1085220e-04
4.8400000e+00		4.0535186e-01		5.1171865e-04
4.8600000e+00		4.0426323e-01		5.1257843e-04
4.8800000e+00		4.0318172e-01		5.1343161e-04
4.9000000e+00		4.0210726e-01		5.1427827e-04
4.9200000e+00		4.0103978e-01		5.1511847e-04
4.9400000e+00		3.9997923e-01		5.1595230e-04
4.9600000e+00		3.9892554e-01		5.1677983e-04
4.9800000e+00		3.9787864e-01		5.1760111e-04
5.0000000e+00		3.9683847e-01		5.1841623e-04
5.0200000e+00		3.9580497e-01		5.1922524e-04
5.0400000e+00		3.9477808e-01		5.2002822e-04
5.0600000e+00		3.9375775e-01		5.2082524e-04
5.0800000e+00		3.9274390e-01		5.2161635e-04
5.1000000e+00		3.9173648e-01		5.2240162e-04
5.1200000e+00		3.9073543e-01		5.2318112e-04
5.1400000e+00		3.8974070e-01		5.2395491e-04
5.1600000e+00		3.8875223e-01		5.2472306e-04
5.1800000e+00		3.8776995e-01		5.2548561e-04
5.2000000e+00		3.8679383e-01		5.2624263e-04
5.2200000e+00		3.8582379e-01		5.2699419e-04
5.2400000e+00		3.8485979e-01		5.2774034e-04
5.2600000e+00		3.8390177e-01		5.2848114e-04
5.2800000e+00		3.8294968e-01		5.2921664e-04
5.3000000e+00		3.8200347e-01		5.2994690e-04
5.3200000e+00		3.8106308e-01		5.3067199e-04
5.3400000e+00		3.8012846e-01		5.3139194e-04
5.3600000e+00		3.7919957e-01		5.3210683e-04
5.3800000e+00		3.7827634e-01		5.3281669e-04
5.4000000e+00		3.7735874e-01		5.3352159e-04
5.4200000e+00		3.7644671e-01		5.3422157e-04
5.4400000e+00		3.7554020e-01		5.3491669e-04
5.4600000e+00		3.7463916e-01		5.3560700e-04
5.4800000e+00		3.7374356e-01		5.3629255e-04
5.5000000e+00		3.7285333e-01		5.3697339e-04
5.5200000e+00		3.7196844e-01		5.3764956e-04
5.5400000e+00		3.7108883e-01		5.3832112e-04
5.5600000e+00		3.7021447e-01		5.3898811e-04
5.5800000e+00		3.6934530e-01		5.3965058e-04
5.6000000e+00		3.6848129e-01		5.4030858e-04
5.6200000e+00		3.6762238e-01		5.4096215e-04
5.6400000e+00		3.6676854e-01		5.4161134e-04
5.6600000e+00		3.6591971e-01		5.4225619e-04
5.6800000e+00		3.6507587e-01		5.4289675e-04
5.7000000e+00		3.6423696e-01		5.4353306e-04
5.7200000e+00		3.6340294e-01		5.4416516e-04
5.7400000e+00		3.6257378e-01		5.4479309e-04
5.7600000e+00		3.6174943e-01		5.4541691e-04
5.7800000e+00		3.6092985e-01		5.4603664e-04
5.8000000e+00		3.6011500e-01		5.4665233e-04
5.8200000e+00		3.5930484e-01		5.4726402e-04
5.8400000e+00		3.5849934e-01		5.4787176e-04
5.8600000e+00		3.5769845e-01		5.4847557e-04
5.8800000e+00		3.5690213e-01		5.4907550e-04
5.9000000e+00		3.5611035e-01		5.4967159e-04
5.9200000e+00		3.5532307e-01		5.5026387e-04
5.9400000e+00		3.5454025e-01		5.5085238e-04
5.9600000e+00		3.5376185e-01		5.5143717e-04
5.9800000e+00		3.5298785e-01		5.5201826e-04
6.0000000e+00		3.5221819e-01		5.5259569e-04
6.0200000e+00		3.5145286e-01		5.5316950e-04
6.0400000e+00		3.5069181e-01		5.5373972e-04
6.0600000e+00		3.4993500e-01		5.5430639e-04
6.0800000e+00		3.4918240e-01		5.5486954e-04
6.1000000e+00		3.4843399e-01		5.5542920e-04
6.1200000e+00		3.4768972e-01		5.5598542e-04
6.1400000e+00		3.4694956e-01		5.5653822e-04
6.1600000e+00		3.4621347e-01		5.5708763e-04
6.1800000e+00		3.4548143e-01		5.5763369e-04
6.2000000e+00		3.4475341e-01		5.5817644e-04
6.2200000e+00		3.4402936e-01		5.5871589e-04
6.2400000e+00		3.4330926e-01		5.5925208e-04
6.2600000e+00		3.4259308e-01		5.5978505e-04
6.2800000e+00		3.4188079e-01		5.6031482e-04
6.3000000e+00		3.4117235e-01		5.6084143e-04
6.3200000e+00		3.4046773e-01		5.6136489e-04
6.3400000e+00		3.3976691e-01		5.6188525e-04
6.3600000e+00		3.3906986e-01		5.6240254e-04
6.3800000e+00		3.3837654e-01		5.6291677e-04
6.4000000e+00		3.3768692e-01		5.6342798e-04
6.4200000e+00		3.3700098e-01		5.6393620e-04
6.4400000e+00		3.3631869e-01		5.6444145e-04
6.4600000e+00		3.3564001e-01		5.6494376e-04
6.4800000e+00		3.3496493e-01		5.6544317e-04
6.5000000e+00		3.3429341e-01		5.6593968e-04
6.5200000e+00		3.3362543e-01		5.6643334e-04
6.5400000e+00		3.3296095e-01		5.6692417e-04
6.5600000e+00		3.3229996e-01		5.6741219e-04
6.5800000e+00		3.3164242e-01		5.6789743e-04
6.6000000e+00		3.3098831e-01		5.6837992e-04
6.6200000e+00		3.3033760e-01		5.6885967e-04
6.6400000e+00		3.2969027e-01		5.6933672e-04
6.6600000e+00		3.2904628e-01		5.6981109e-04
6.6800000e+00		3.2840562e-01		5.7028280e-04
6.7000000e+00		3.2776826e-01		5.7075187e-04
6.7200000e+00		3.2713418e-01		5.7121834e-04
6.7400000e+00		3.2650334e-01		5.7168221e-04
6.7600000e+00		3.2587573e-01		5.7214353e-04
6.7800000e+00		3.2525132e-01		5.7260230e-04
6.8000000e+00		3.2463009e-01		5.7305855e-04
6.8200000e+00		3.2401201e-01		5.7351230e-04
6.8400000e+00		3.2339706e-01		5.7396358e-04
6.8600000e+00		3.2278521e-01		5.7441241e-04
6.8800000e+00		3.2217645e-01		5.7485881e-04
6.9000000e+00		3.2157075e-01		5.7530279e-04
6.9200000e+00		3.2096808e-01		5.7574439e-04
6.9400000e+00		3.2036844e-01		5.7618361e-04
6.9600000e+00		3.1977178e-01		5.7662049e-04
6.9800000e+00		3.1917809e-01		5.7705504e-04
7.0000000e+00		3.1858736e-01		5.7748729e-04
7.0200000e+00		3.1799955e-01		5.7791724e-04
7.0400000e+00		3.1741465e-01		5.7834493e-04
7.0600000e+00		3.1683263e-01		5.7877036e-04
7.0800000e+00		3.1625347e-01		5.7919357e-04
7.1000000e+00		3.1567716e-01		5.7961457e-04
7.1200000e+00		3.1510367e-01		5.8003337e-04
7.1400000e+00		3.1453298e-01		5.8045000e-04
7.1600000e+00		3.1396508e-01		5.8086448e-04
7.1800000e+00		3.1339994e-01		5.8127682e-04
7.2000000e+00		3.1283753e-01		5.8168704e-04
7.2200000e+00		3.1227785e-01		5.8209515e-04
7.2400000e+00		3.1172088e-01		5.8250119e-04
7.2600000e+00		3.1116658e-01		5.8290516e-04
7.2800000e+00		3.1061495e-01		5.8330708e-04
7.3000000e+00		3.1006597e-01		5.8370697e-04
7.3200000e+00		3.0951961e-01		5.8410484e-04
7.3400000e+00		3.0897587e-01		5.8450071e-04
7.3600000e+00		3.0843471e-01		5.8489461e-04
7.3800000e+00		3.0789612e-01		5.8528653e-04
7.4000000e+00		3.0736008e-01		5.8567651e-04
7.4200000e+00		3.0682659e-01		5.8606455e-04
7.4400000e+00		3.0629560e-01		5.8645068e-04
7.4600000e+00		3.0576712e-01		5.8683490e-04
7.4800000e+00		3.0524112e-01		5.8721724e-04
7.5000000e+00		3.0471759e-01		5.8759770e-04
7.5200000e+00		3.0419651e-01		5.8797631e-04
7.5400000e+00		3.0367785e-01		5.8835308e-04
7.5600000e+00		3.0316161e-01		5.8872802e-04
7.5800000e+00		3.0264777e-01		5.8910115e-04
7.6000000e+00		3.0213631e-01		5.8947249e-04
7.6200000e+00		3.0162722e-01		5.8984204e-04
7.6400000e+00		3.0112047e-01		5.9020982e-04
7.6600000e+00		3.0061606e-01		5.9057585e-04
7.6800000e+00		3.0011396e-01		5.9094013e-04
7.7000000e+00		2.9961417e-01		5.9130269e-04
7.7200000e+00		2.9911665e-01		5.9166354e-04
7.7400000e+00		2.9862141e-01		5.9202268e-04
7.7600000e+00		2.9812843e-01		5.9238015e-04
7.7800000e+00		2.9763768e-01		5.9273593e-04
7.8000000e+00		2.9714916e-01		5.9309006e-04
7.8200000e+00		2.9666285e-01		5.9344254e-04
7.8400000e+00		2.9617873e-01		5.9379339e-04
7.8600000e+00		2.9569679e-01		5.9414261e-04
7.8800000e+00		2.9521701e-01		5.9449023e-04
7.9000000e+00		2.9473939e-01		5.9483625e-04
7.9200000e+00		2.9426390e-01		5.9518068e-04
7.9400000e+00		2.9379054e-01		5.9552354e-04
7.9600000e+00		2.9331928e-01		5.9586485e-04
7.9800000e+00		2.9285012e-01		5.9620460e-04
8.0000000e+00		2.9238304e-01		5.9654282e-04
8.0200000e+00		2.9191802e-01		5.9687952e-04
8.0400000e+00		2.9145506e-01		5.9721470e-04
8.0600000e+00		2.9099413e-01		5.9754838e-04
8.0800000e+00		2.9053524e-01		5.9788057e-04
8.1000000e+00		2.9007835e-01		5.9821129e-04
8.1200000e+00		2.8962347e-01		5.9854053e-04
8.1400000e+00		2.8917057e-01		5.9886832e-04
8.1600000e+00		2.8871965e-01		5.9919466e-04
8.1800000e+00		2.8827069e-01		5.9951957e-04
8.2000000e+00		2.8782367e-01		5.9984306e-04
8.2200000e+00		2.8737859e-01		6.0016513e-04
8.2400000e+00		2.8693544e-01		6.0048580e-04
8.2600000e+00		2.8649419e-01		6.0080508e-04
8.2800000e+00		2.8605485e-01		6.0112297e-04
8.3000000e+00		2.8561739e-01		6.0143949e-04
8.3200000e+00		2.8518181e-01		6.0175465e-04
8.3400000e+00		2.8474808e-01		6.0206846e-04
8.3600000e+00		2.8431621e-01		6.0238093e-04
8.3800000e+00		2.8388618e-01		6.0269207e-04
8.4000000e+00		2.8345797e-01		6.0300188e-04
8.4200000e+00		2.8303159e-01		6.0331038e-04
8.4400000e+00		2.8260700e-01		6.0361758e-04
8.4600000e+00		2.8218421e-01		6.0392348e-04
8.4800000e+00		2.8176320e-01		6.0422810e-04
8.5000000e+00		2.8134396e-01		6.0453144e-04
8.5200000e+00		2.8092648e-01		6.0483352e-04
8.5400000e+00		2.8051074e-01		6.0513435e-04
8.5600000e+00		2.8009675e-01		6.0543392e-04
8.5800000e+00		2.7968448e-01		6.0573226e-04
8.6000000e+00		2.7927392e-01		6.0602936e-04
8.6200000e+00		2.7886508e-01		6.0632525e-04
8.6400000e+00		2.7845792e-01		6.0661992e-04
8.6600000e+00		2.7805245e-01		6.0691339e-04
8.6800000e+00		2.7764866e-01		6.0720566e-04
8.7000000e+00		2.7724652e-01		6.0749675e-04
8.7200000e+00		2.7684605e-01		6.0778666e-04
8.7400000e+00		2.7644721e-01		6.0807539e-04
8.7600000e+00		2.7605001e-01		6.0836297e-04
8.7800000e+00		2.7565443e-01		6.0864939e-04
8.8000000e+00		2.7526046e-01		6.0893467e-04
8.8200000e+00		2.7486809e-01		6.0921881e-04
8.8400000e+00		2.7447732e-01		6.0950182e-04
8.8600000e+00		2.7408814e-01		6.0978370e-04
8.8800000e+00		2.7370053e-01		6.1006448e-04
8.9000000e+00		2.7331448e-01		6.1034414e-04
8.9200000e+00		2.7292999e-01		6.1062271e-04
8.9400000e+00		2.7254704e-01		6.1090018e-04
8.9600000e+00		2.7216563e-01		6.1117658e-04
8.9800000e+00		2.7178575e-01		6.1145189e-04
9.0000000e+00		2.7140739e-01		6.1172614e-04
9.0200000e+00		2.7103053e-01		6.1199932e-04
9.0400000e+00		2.7065518e-01		6.1227145e-04
9.0600000e+00		2.7028132e-01		6.1254254e-04
9.0800000e+00		2.6990894e-01		6.1281258e-04
9.1000000e+00		2.6953803e-01		6.1308159e-04
9.1200000e+00		2.6916859e-01		6.1334957e-04
9.1400000e+00		2.6880060e-01		6.1361653e-04
9.1600000e+00		2.6843407e-01		6.1388249e-04
9.1800000e+00		2.6806897e-01		6.1414743e-04
9.2000000e+00		2.6770530e-01		6.1441138e-04
9.2200000e+00		2.6734306e-01		6.1467433e-04
9.2400000e+00		2.6698223e-01		6.1493630e-04
9.2600000e+00		2.6662280e-01		6.1519729e-04
9.2800000e+00		2.6626478e-01		6.1545731e-04
9.3000000e+00		2.6590814e-01		6.1571636e-04
9.3200000e+00		2.6555288e-01		6.1597445e-04
9.3400000e+00		2.6519900e-01		6.1623159e-04
9.3600000e+00		2.6484648e-01		6.1648778e-04
9.3800000e+00		2.6449532e-01		6.1674303e-04
9.4000000e+00		2.6414552e-01		6.1699734e-04
9.4200000e+00		2.6379705e-01		6.1725073e-04
9.4400000e+00		2.6344992e-01		6.1750319e-04
9.4600000e+00		2.6310411e-01		6.1775474e-04
9.4800000e+00		2.6275962e-01		6.1800537e-04
9.5000000e+00		2.6241645e-01		6.1825511e-04
9.5200000e+00		2.6207457e-01		6.1850394e-04
9.5400000e+00		2.6173400e-01		6.1875188e-04
9.5600000e+00		2.6139471e-01		6.1899893e-04
9.5800000e+00		2.6105671e-01		6.1924510e-04
9.6000000e+00		2.6071998e-01		6.1949040e-04
9.6200000e+00		2.6038452e-01		6.1973482e-04
9.6400000e+00		2.6005032e-01		6.1997838e-04
9.6600000e+00		2.5971737e-01		6.2022108e-04
9.6800000e+00		2.5938567e-01		6.2046293e-04
9.7000000e+00		2.5905521e-01		6.2070392e-04
9.7200000e+00		2.5872598e-01		6.2094408e-04
9.7400000e+00		2.5839797e-01		6.2118340e-04
9.7600000e+00		2.5807119e-01		6.2142188e-04
9.7800000e+00		2.5774562e-01		6.2165954e-04
9.8000000e+00		2.5742125e-01		6.2189638e-04
9.8200000e+00		2.5709808e-01		6.2213240e-04
9.8400000e+00		2.5677610e-01		6.2236760e-04
9.8600000e+00		2.5645530e-01		6.2260201e-04
9.8800000e+00		2.5613569e-01		6.2283561e-04
9.9000000e+00		2.5581725e-01		6.2306841e-04
9.9200000e+00		2.5549997e-01		6.2330042e-04
9.9400000e+00		2.5518385e-01		6.2353165e-04
9.9600000e+00		2.5486889e-01		6.2376209e-04
9.9800000e+00		2.5455507e-01		6.2399175e-04
1.0000000e+01		2.5424239e-01		6.2422065e-04
1.0020000e+01		2.5393085e-01		6.2444878e-04
1.0040000e+01		2.5362044e-01		6.2467614e-04
1.0060000e+01		2.5331114e-01		6.2490275e-04
1.0080000e+01		2.5300296e-01		6.2512860e-04
1.0100000e+01		2.5269590e-01		6.2535370e-04
1.0120000e+01		2.5238993e-01		6.2557806e-04
1.0140000e+01		2.5208507e-01		6.2580168e-04
1.0160000e+01		2.5178129e-01		6.2602457e-04
1.0180000e+01		2.5147860e-01		6.2624672e-04
1.0200000e+01		2.5117700e-01		6.2646815e-04
1.0220000e+01		2.5087646e-01		6.2668885e-04
1.0240000e+01		2.5057700e-01		6.2690884e-04
1.0260000e+01		2.5027860e-01		6.2712812e-04
1.0280000e+01		2.4998125e-01		6.2734668e-04
1.0300000e+01		2.4968496e-01		6.2756454e-04
1.0320000e+01		2.4938971e-01		6.2778170e-04
1.0340000e+01		2.4909550e-01		6.2799817e-04
1.0360000e+01		2.4880233e-01		6.2821394e-04
1.0380000e+01		2.4851019e-01		6.2842902e-04
1.0400000e+01		2.4821907e-01		6.2864342e-04
1.0420000e+01		2.4792898e-01		6.2885714e-04
1.0440000e+01		2.4763989e-01		6.2907019e-04
1.0460000e+01		2.4735181e-01		6.2928256e-04
1.0480000e+01		2.4706474e-01		6.2949426e-04
1.0500000e+01		2.4677866e-01		6.2970530e-04
1.0520000e+01		2.4649358e-01		6.2991568e-04
1.0540000e+01		2.4620948e-01		6.3012540e-04
1.0560000e+01		2.4592637e-01		6.3033447e-04
1.0580000e+01		2.4564423e-01		6.3054289e-04
1.0600000e+01		2.4536306e-01		6.3075067e-04
1.0620000e+01		2.4508286e-01		6.3095781e-04
1.0640000e+01		2.4480362e-01		6.3116430e-04
1.0660000e+01		2.4452534e-01		6.3137017e-04
1.0680000e+01		2.4424801e-01		6.3157540e-04
1.0700000e+01		2.4397163e-01		6.3178001e-04
1.0720000e+01		2.4369619e-01		6.3198399e-04
1.0740000e+01		2.4342169e-01		6.3218736e-04
1.0760000e+01		2.4314812e-01		6.3239011e-04
1.0780000e+01		2.4287548e-01		6.3259224e-04
1.0800000e+01		2.4260376e-01		6.3279377e-04
1.0820000e+01		2.4233296e-01		6.3299469e-04
1.0840000e+01		2.4206307e-01		6.3319502e-04
1.0860000e+01		2.4179410e-01		6.3339474e-04
1.0880000e+01		2.4152602e-01		6.3359387e-04
1.0900000e+01		2.4125885e-01		6.3379240e-04
1.0920000e+01		2.4099257e-01		6.3399035e-04
1.0940000e+01		2.4072719e-01		6.3418771e-04
1.0960000e+01		2.4046269e-01		6.3438449e-04
1.0980000e+01		2.4019907e-01		6.3458069e-04
1.1000000e+01		2.3993633e-01		6.3477632e-04
1.1020000e+01		2.3967446e-01		6.3497137e-04
1.1040000e+01		2.3941346e-01		6.3516586e-04
1.1060000e+01		2.3915333e-01		6.3535978e-04
1.1080000e+01		2.3889405e-01		6.3555314e-04
1.1100000e+01		2.3863563e-01		6.3574594e-04
1.1120000e+01		2.3837807e-01		6.3593818e-04
1.1140000e+01		2.3812135e-01		6.3612987e-04
1.1160000e+01		2.3786547e-01		6.3632100e-04
1.1180000e+01		2.3761043e-01		6.3651159e-04
1.1200000e+01		2.3735623e-01		6.3670164e-04
1.1220000e+01		2.3710286e-01		6.3689115e-04
1.1240000e+01		2.3685031e-01		6.3708012e-04
1.1260000e+01		2.3659859e-01		6.3726855e-04
1.1280000e+01		2.3634769e-01		6.3745645e-04
1.1300000e+01		2.3609760e-01		6.3764382e-04
1.1320000e+01		2.3584832e-01		6.3783066e-04
1.1340000e+01		2.3559984e-01		6.3801698e-04
1.1360000e+01		2.3535218e-01		6.3820278e-04
1.1380000e+01		2.3510530e-01		6.3838807e-04
1.1400000e+01		2.3485923e-01		6.3857283e-04
1.1420000e+01		2.3461394e-01		6.3875709e-04
1.1440000e+01		2.3436945e-01		6.3894083e-04
1.1460000e+01		2.3412573e-01		6.3912407e-04
1.1480000e+01		2.3388280e-01		6.3930680e-04
1.1500000e+01		2.3364064e-01		6.3948903e-04
1.1520000e+01		2.3339925e-01		6.3967077e-04
1.1540000e+01		2.3315863e-01		6.3985200e-04
1.1560000e+01		2.3291878e-01		6.4003274e-04
1.1580000e+01		2.3267969e-01		6.4021300e-04
1.1600000e+01		2.3244135e-01		6.4039276e-04
1.1620000e+01		2.3220377e-01		6.4057204e-04
1.1640000e+01		2.3196694e-01		6.4075083e-04
1.1660000e+01		2.3173086e-01		6.4092915e-04
1.1680000e+01		2.3149551e-01		6.4110698e-04
1.1700000e+01		2.3126091e-01		6.4128435e-04
1.1720000e+01		2.3102705e-01		6.4146123e-04
1.1740000e+01		2.3079391e-01		6.4163765e-04
1.1760000e+01		2.3056151e-01		6.4181360e-04
1.1780000e+01		2.3032983e-01		6.4198908e-04
1.1800000e+01		2.3009888e-01		6.4216410e-04
1.1820000e+01		2.2986864e-01		6.4233866e-04
1.1840000e+01		2.2963912e-01		6.4251276e-04
1.1860000e+01		2.2941031e-01		6.4268641e-04
1.1880000e+01		2.2918221e-01		6.4285960e-04
1.1900000e+01		2.2895482e-01		6.4303234e-04
1.1920000e+01		2.2872812e-01		6.4320463e-04
1.1940000e+01		2.2850213e-01		6.4337647e-04
1.1960000e+01		2.2827683e-01		6.4354787e-04
1.1980000e+01		2.2805223e-01		6.4371883e-04
1.2000000e+01		2.2782831e-01		6.4388935e-04
1.2020000e+01		2.2760508e-01		6.4405943e-04
1.2040000e+01		2.2738254e-01		6.4422907e-04
1.2060000e+01		2.2716067e-01		6.4439829e-04
1.2080000e+01		2.2693948e-01		6.4456707e-04
1.2100000e+01		2.2671896e-01		6.4473542e-04
1.2120000e+01		2.2649912e-01		6.4490334e-04
1.2140000e+01		2.2627994e-01		6.4507084e-04
1.2160000e+01		2.2606142e-01		6.4523792e-04
1.2180000e+01		2.2584357e-01		6.4540458e-04
1.2200000e+01		2.2562637e-01		6.4557082e-04
1.2220000e+01		2.2540983e-01		6.4573665e-04
1.2240000e+01		2.2519395e-01		6.4590206e-04
1.2260000e+01		2.2497871e-01		6.4606706e-04
1.2280000e+01		2.2476412e-01		6.4623165e-04
1.2300000e+01		2.2455017e-01		6.4639583e-04
1.2320000e+01		2.2433686e-01		6.4655960e-04
1.2340000e+01		2.2412419e-01		6.4672298e-04
1.2360000e+01		2.2391215e-01		6.4688595e-04
1.2380000e+01		2.2370075e-01		6.4704852e-04
1.2400000e+01		2.2348998e-01		6.4721069e-04
1.2420000e+01		2.2327983e-01		6.4737247e-04
1.2440000e+01		2.2307030e-01		6.4753386e-04
1.2460000e+01		2.2286140e-01		6.4769485e-04
1.2480000e+01		2.2265311e-01		6.4785545e-04
1.2500000e+01		2.2244544e-01		6.4801567e-04
1.2520000e+01		2.2223838e-01		6.4817550e-04
1.2540000e+01		2.2203193e-01		6.4833494e-04
1.2560000e+01		2.2182609e-01		6.4849401e-04
1.2580000e+01		2.2162085e-01		6.4865269e-04
1.2600000e+01		2.2141622e-01		6.4881099e-04
1.2620000e+01		2.2121218e-01		6.4896892e-04
1.2640000e+01		2.2100874e-01		6.4912647e-04
1.2660000e+01		2.2080589e-01		6.4928365e-04
1.2680000e+01		2.2060363e-01		6.4944046e-04
1.2700000e+01		2.2040197e-01		6.4959690e-04
1.2720000e+01		2.2020088e-01		6.4975297e-04
1.2740000e+01		2.2000038e-01		6.4990868e-04
1.2760000e+01		2.1980047e-01		6.5006402e-04
1.2780000e+01		2.1960112e-01		6.5021900e-04
1.2800000e+01		2.1940236e-01		6.5037362e-04
1.2820000e+01		2.1920417e-01		6.5052788e-04
1.2840000e+01		2.1900655e-01		6.5068178e-04
1.2860000e+01		2.1880949e-01		6.5083533e-04
1.2880000e+01		2.1861301e-01		6.5098852e-04
1.2900000e+01		2.1841708e-01		6.5114136e-04
1.2920000e+01		2.1822172e-01		6.5129385e-04
1.2940000e+01		2.1802691e-01		6.5144600e-04
1.2960000e+01		2.1783267e-01		6.5159779e-04
1.2980000e+01		2.1763897e-01		6.5174924e-04
1.3000000e+01		2.1744583e-01		6.5190035e-04
1.3020000e+01		2.1725323e-01		6.5205111e-04
1.3040000e+01		2.1706118e-01		6.5220154e-04
1.3060000e+01		2.1686968e-01		6.5235162e-04
1.3080000e+01		2.1667871e-01		6.5250137e-04
1.3100000e+01		2.1648829e-01		6.5265078e-04
1.3120000e+01		2.1629840e-01		6.5279986e-04
1.3140000e+01		2.1610905e-01		6.5294860e-04
1.3160000e+01		2.1592023e-01		6.5309702e-04
1.3180000e+01		2.1573194e-01		6.5324510e-04
1.3200000e+01		2.1554418e-01		6.5339286e-04
1.3220000e+01		2.1535695e-01		6.5354028e-04
1.3240000e+01		2.1517024e-01		6.5368739e-04
1.3260000e+01		2.1498404e-01		6.5383417e-04
1.3280000e+01		2.1479837e-01		6.5398063e-04
1.3300000e+01		2.1461322e-01		6.5412677e-04
1.3320000e+01		2.1442858e-01		6.5427259e-04
1.3340000e+01		2.1424445e-01		6.5441809e-04
1.3360000e+01		2.1406084e-01		6.5456328e-04
1.3380000e+01		2.1387773e-01		6.5470815e-04
1.3400000e+01		2.1369513e-01		6.5485270e-04
1.3420000e+01		2.1351303e-01		6.5499695e-04
1.3440000e+01		2.1333144e-01		6.5514089e-04
1.3460000e+01		2.1315034e-01		6.5528451e-04
1.3480000e+01		2.1296974e-01		6.5542783e-04
1.3500000e+01		2.1278964e-01		6.5557085e-04
1.3520000e+01		2.1261004e-01		6.5571356e-04
1.3540000e+01		2.1243092e-01		6.5585596e-04
1.3560000e+01		2.1225229e-01		6.5599806e-04
1.3580000e+01		2.1207415e-01		6.5613987e-04
1.3600000e+01		2.1189650e-01		6.5628137e-04
1.3620000e+01		2.1171933e-01		6.5642258e-04
1.3640000e+01		2.1154264e-01		6.5656348e-04
1.3660000e+01		2.1136643e-01		6.5670410e-04
1.3680000e+01		2.1119070e-01		6.5684442e-04
1.3700000e+01		2.1101545e-01		6.5698445e-04
1.3720000e+01		2.1084066e-01		6.5712418e-04
1.3740000e+01		2.1066635e-01		6.5726363e-04
1.3760000e+01		2.1049251e-01		6.5740278e-04
1.3780000e+01		2.1031914e-01		6.5754165e-04
1.3800000e+01		2.1014624e-01		6.5768024e-04
1.3820000e+01		2.0997379e-01		6.5781854e-04
1.3840000e+01		2.0980182e-01		6.5795655e-04
1.3860000e+01		2.0963030e-01		6.5809428e-04
1.3880000e+01		2.0945924e-01		6.5823174e-04
1.3900000e+01		2.0928863e-01		6.5836891e-04
1.3920000e+01		2.0911848e-01		6.5850580e-04
1.3940000e+01		2.0894879e-01		6.5864242e-04
1.3960000e+01		2.0877954e-01		6.5877876e-04
1.3980000e+01		2.0861075e-01		6.5891482e-04
1.4000000e+01		2.0844240e-01		6.5905061e-04
1.4020000e+01		2.0827450e-01		6.5918613e-04
1.4040000e+01		2.0810704e-01		6.5932138e-04
1.4060000e+01		2.0794002e-01		6.5945635e-04
1.4080000e+01		2.0777345e-01		6.5959106e-04
1.4100000e+01		2.0760731e-01		6.5972550e-04
1.4120000e+01		2.0744161e-01		6.5985967e-04
1.4140000e+01		2.0727634e-01		6.5999358e-04
1.4160000e+01		2.0711151e-01		6.6012723e-04
1.4180000e+01		2.0694711e-01		6.6026061e-04
1.4200000e+01		2.0678314e-01		6.6039372e-04
1.4220000e+01		2.0661960e-01		6.6052658e-04
1.4240000e+01		2.0645649e-01		6.6065918e-04
1.4260000e+01		2.0629380e-01		6.6079152e-04
1.4280000e+01		2.0613153e-01		6.6092360e-04
1.4300000e+01		2.0596968e-01		6.6105542e-04
1.4320000e+01		2.0580826e-01		6.6118699e-04
1.4340000e+01		2.0564725e-01		6.6131830e-04
1.4360000e+01		2.0548666e-01		6.6144936e-04
1.4380000e+01		2.0532649e-01		6.6158017e-04
1.4400000e+01		2.0516672e-01		6.6171073e-04
1.4420000e+01		2.0500737e-01		6.6184104e-04
1.4440000e+01		2.0484843e-01		6.6197110e-04
1.4460000e+01		2.0468990e-01		6.6210091e-04
1.4480000e+01		2.0453178e-01		6.6223047e-04
1.4500000e+01		2.0437406e-01		6.6235979e-04
1.4520000e+01		2.0421674e-01		6.6248886e-04
1.4540000e+01		2.0405983e-01		6.6261769e-04
1.4560000e+01		2.0390332e-01		6.6274628e-04
1.4580000e+01		2.0374721e-01		6.6287463e-04
1.4600000e+01		2.0359149e-01		6.6300273e-04
1.4620000e+01		2.0343617e-01		6.6313059e-04
1.4640000e+01		2.0328125e-01		6.6325802e-04
1.4660000e+01		2.0312671e-01		6.6338501e-04
1.4680000e+01		2.0297257e-01		6.6351181e-04
1.4700000e+01		2.0281882e-01		6.6363841e-04
1.4720000e+01		2.0266546e-01		6.6376481e-04
1.4740000e+01		2.0251249e-01		6.6389101e-04
1.4760000e+01		2.0235990e-01		6.6401700e-04
1.4780000e+01		2.0220769e-01		6.6414279e-04
1.4800000e+01		2.0205587e-01		6.6426838e-04
1.4820000e+01		2.0190443e-01		6.6439376e-04
1.4840000e+01		2.0175337e-01		6.6451893e-04
1.4860000e+01		2.0160268e-01		6.6464390e-04
1.4880000e+01		2.0145238e-01		6.6476865e-04
1.4900000e+01		2.0130245e-01		6.6489320e-04
1.4920000e+01		2.0115289e-01		6.6501754e-04
1.4940000e+01		2.0100371e-01		6.6514166e-04
1.4960000e+01		2.0085489e-01		6.6526558e-04
1.4980000e+01		2.0070645e-01		6.6538927e-04
1.5000000e+01		2.0055837e-01		6.6551276e-04
1.5020000e+01		2.0041067e-01		6.6563603e-04
1.5040000e+01		2.0026332e-01		6.6575908e-04
1.5060000e+01		2.0011634e-01		6.6588192e-04
1.5080000e+01		1.9996973e-01		6.6600453e-04
1.5100000e+01		1.9982347e-01		6.6612693e-04
1.5120000e+01		1.9967758e-01		6.6624911e-04
1.5140000e+01		1.9953205e-01		6.6637107e-04
1.5160000e+01		1.9938687e-01		6.6649280e-04
1.5180000e+01		1.9924205e-01		6.6661431e-04
1.5200000e+01		1.9909758e-01		6.6673560e-04
1.5220000e+01		1.9895347e-01		6.6685666e-04
1.5240000e+01		1.9880970e-01		6.6697750e-04
1.5260000e+01		1.9866629e-01		6.6709810e-04
1.5280000e+01		1.9852323e-01		6.6721848e-04
1.5300000e+01		1.9838052e-01		6.6733863e-04
1.5320000e+01		1.9823816e-01		6.6745856e-04
1.5340000e+01		1.9809614e-01		6.6757825e-04
1.5360000e+01		1.9795446e-01		6.6769770e-04
1.5380000e+01		1.9781313e-01		6.6781693e-04
1.5400000e+01		1.9767214e-01		6.6793592e-04
1.5420000e+01		1.9753149e-01		6.6805467e-04
1.5440000e+01		1.9739118e-01		6.6817319e-04
1.5460000e+01		1.9725121e-01		6.6829148e-04
1.5480000e+01		1.9711157e-01		6.6840952e-04
1.5500000e+01		1.9697227e-01		6.6852733e-04
1.5520000e+01		1.9683331e-01		6.6864514e-04
1.5540000e+01		1.9669468e-01		6.6876298e-04
1.5560000e+01		1.9655638e-01		6.6888062e-04
1.5580000e+01		1.9641841e-01		6.6899806e-04
1.5600000e+01		1.9628077e-01		6.6911531e-04
1.5620000e+01		1.9614346e-01		6.6923236e-04
1.5640000e+01		1.9600648e-01		6.6934922e-04
1.5660000e+01		1.9586982e-01		6.6946588e-04
1.5680000e+01		1.9573349e-01		6.6958235e-04
1.5700000e+01		1.9559748e-01		6.6969863e-04
1.5720000e+01		1.9546180e-01		6.6981472e-04
1.5740000e+01		1.9532643e-01		6.6993061e-04
1.5760000e+01		1.9519139e-01		6.7004631e-04
1.5780000e+01		1.9505666e-01		6.7016183e-04
1.5800000e+01		1.9492226e-01		6.7027715e-04
1.5820000e+01		1.9478817e-01		6.7039229e-04
1.5840000e+01		1.9465439e-01		6.7050724e-04
1.5860000e+01		1.9452093e-01		6.7062200e-04
1.5880000e+01		1.9438778e-01		6.7073658e-04
1.5900000e+01		1.9425495e-01		6.7085097e-04
1.5920000e+01		1.9412243e-01		6.7096518e-04
1.5940000e+01		1.9399021e-01		6.7107920e-04
1.5960000e+01		1.9385831e-01		6.7119304e-04
1.5980000e+01		1.9372671e-01		6.7130670e-04
1.6000000e+01		1.9359542e-01		6.7142017e-04
1.6020000e+01		1.9346444e-01		6.7153347e-04
1.6040000e+01		1.9333376e-01		6.7164658e-04
1.6060000e+01		1.9320338e-01		6.7175951e-04
1.6080000e+01		1.9307331e-01		6.7187227e-04
1.6100000e+01		1.9294354e-01		6.7198485e-04
1.6120000e+01		1.9281407e-01		6.7209725e-04
1.6140000e+01		1.9268490e-01		6.7220947e-04
1.6160000e+01		1.9255602e-01		6.7232151e-04
1.6180000e+01		1.9242744e-01		6.7243338e-04
1.6200000e+01		1.9229916e-01		6.7254508e-04
1.6220000e+01		1.9217118e-01		6.7265660e-04
1.6240000e+01		1.9204349e-01		6.7276795e-04
1.6260000e+01		1.9191609e-01		6.7287912e-04
1.6280000e+01		1.9178898e-01		6.7299012e-04
1.6300000e+01		1.9166217e-01		6.7310095e-04
1.6320000e+01		1.9153564e-01		6.7321161e-04
1.6340000e+01		1.9140940e-01		6.7332210e-04
1.6360000e+01		1.9128346e-01		6.7343242e-04
1.6380000e+01		1.9115780e-01		6.7354257e-04
1.6400000e+01		1.9103242e-01		6.7365255e-04
1.6420000e+01		1.9090733e-01		6.7376236e-04
1.6440000e+01		1.9078252e-01		6.7387201e-04
1.6460000e+01		1.9065800e-01		6.7398149e-04
1.6480000e+01		1.9053376e-01		6.7409080e-04
1.6500000e+01		1.9040980e-01		6.7419995e-04
1.6520000e+01		1.9028612e-01		6.7430893e-04
1.6540000e+01		1.9016272e-01		6.7441775e-04
1.6560000e+01		1.9003960e-01		6.7452641e-04
1.6580000e+01		1.8991675e-01		6.7463490e-04
1.6600000e+01		1.8979418e-01		6.7474323e-04
1.6620000e+01		1.8967189e-01		6.7485140e-04
1.6640000e+01		1.8954987e-01		6.7495940e-04
1.6660000e+01		1.8942812e-01		6.7506725e-04
1.6680000e+01		1.8930665e-01		6.7517494e-04
1.6700000e+01		1.8918545e-01		6.7528246e-04
1.6720000e+01		1.8906452e-01		6.7538983e-04
1.6740000e+01		1.8894386e-01		6.7549704e-04
1.6760000e+01		1.8882346e-01		6.7560409e-04
1.6780000e+01		1.8870334e-01		6.7571099e-04
1.6800000e+01		1.8858348e-01		6.7581773e-04
1.6820000e+01		1.8846389e-01		6.7592431e-04
1.6840000e+01		1.8834457e-01		6.7603074e-04
1.6860000e+01		1.8822551e-01		6.7613701e-04
1.6880000e+01		1.8810671e-01		6.7624313e-04
1.6900000e+01		1.8798817e-01		6.7634909e-04
1.6920000e+01		1.8786990e-01		6.7645490e-04
1.6940000e+01		1.8775189e-01		6.7656056e-04
1.6960000e+01		1.8763413e-01		6.7666607e-04
1.6980000e+01		1.8751664e-01		6.7677142e-04
1.7000000e+01		1.8739941e-01		6.7687663e-04
1.7020000e+01		1.8728243e-01		6.7698168e-04
1.7040000e+01		1.8716571e-01		6.7708658e-04
1.7060000e+01		1.8704924e-01		6.7719134e-04
1.7080000e+01		1.8693303e-01		6.7729594e-04
1.7100000e+01		1.8681707e-01		6.7740040e-04
1.7120000e+01		1.8670137e-01		6.7750471e-04
1.7140000e+01		1.8658592e-01		6.7760887e-04
1.7160000e+01		1.8647072e-01		6.7771289e-04
1.7180000e+01		1.8635577e-01		6.7781676e-04
1.7200000e+01		1.8624107e-01		6.7792048e-04
1.7220000e+01		1.8612661e-01		6.7802406e-04
1.7240000e+01		1.8601241e-01		6.7812749e-04
1.7260000e+01		1.8589846e-01		6.7823078e-04
1.7280000e+01		1.8578475e-01		6.7833393e-04
1.7300000e+01		1.8567128e-01		6.7843693e-04
1.7320000e+01		1.8555806e-01		6.7853979e-04
1.7340000e+01		1.8544509e-01		6.7864251e-04
1.7360000e+01		1.8533236e-01		6.7874509e-04
1.7380000e+01		1.8521987e-01		6.7884753e-04
1.7400000e+01		1.8510762e-01		6.7894982e-04
1.7420000e+01		1.8499562e-01		6.7905198e-04
1.7440000e+01		1.8488385e-01		6.7915399e-04
1.7460000e+01		1.8477232e-01		6.7925587e-04
1.7480000e+01		1.8466103e-01		6.7935761e-04
1.7500000e+01		1.8454998e-01		6.7945921e-04
1.7520000e+01		1.8443917e-01		6.7956067e-04
1.7540000e+01		1.8432859e-01		6.7966200e-04
1.7560000e+01		1.8421825e-01		6.7976319e-04
1.7580000e+01		1.8410814e-01		6.7986424e-04
1.7600000e+01		1.8399827e-01		6.7996516e-04
1.7620000e+01		1.8388863e-01		6.8006594e-04
1.7640000e+01		1.8377922e-01		6.8016658e-04
1.7660000e+01		1.8367005e-01		6.8026710e-04
1.7680000e+01		1.8356110e-01		6.8036748e-04
1.7700000e+01		1.8345239e-01		6.8046772e-04
1.7720000e+01		1.8334390e-01		6.8056783e-04
1.7740000e+01		1.8323564e-01		6.8066781e-04
1.7760000e+01		1.8312762e-01		6.8076766e-04
1.7780000e+01		1.8301981e-01		6.8086738e-04
1.7800000e+01		1.8291224e-01		6.8096696e-04
1.7820000e+01		1.8280489e-01		6.8106642e-04
1.7840000e+01		1.8269776e-01		6.8116574e-04
1.7860000e+01		1.8259086e-01		6.8126494e-04
1.7880000e+01		1.8248419e-01		6.8136400e-04
1.7900000e+01		1.8237773e-01		6.8146294e-04
1.7920000e+01		1.8227150e-01		6.8156175e-04
1.7940000e+01		1.8216549e-01		6.8166043e-04
1.7960000e+01		1.8205970e-01		6.8175898e-04
1.7980000e+01		1.8195414e-01		6.8185741e-04
1.8000000e+01		1.8184879e-01		6.8195570e-04
1.8020000e+01		1.8174366e-01		6.8205388e-04
1.8040000e+01		1.8163874e-01		6.8215192e-04
1.8060000e+01		1.8153405e-01		6.8224985e-04
1.8080000e+01		1.8142957e-01		6.8234764e-04
1.8100000e+01		1.8132531e-01		6.8244531e-04
1.8120000e+01		1.8122126e-01		6.8254286e-04
1.8140000e+01		1.8111743e-01		6.8264029e-04
1.8160000e+01		1.8101381e-01		6.8273759e-04
1.8180000e+01		1.8091040e-01		6.8283476e-04
1.8200000e+01		1.8080721e-01		6.8293182e-04
1.8220000e+01		1.8070423e-01		6.8302875e-04
1.8240000e+01		1.8060146e-01		6.8312557e-04
1.8260000e+01		1.8049890e-01		6.8322226e-04
1.8280000e+01		1.8039655e-01		6.8331883e-04
1.8300000e+01		1.8029441e-01		6.8341528e-04
1.8320000e+01		1.8019248e-01		6.8351160e-04
1.8340000e+01		1.8009075e-01		6.8360781e-04
1.8360000e+01		1.7998924e-01		6.8370391e-04
1.8380000e+01		1.7988793e-01		6.8379988e-04
1.8400000e+01		1.7978682e-01		6.8389573e-04
1.8420000e+01		1.7968593e-01		6.8399147e-04
1.8440000e+01		1.7958523e-01		6.8408708e-04
1.8460000e+01		1.7948474e-01		6.8418258e-04
1.8480000e+01		1.7938446e-01		6.8427797e-04
1.8500000e+01		1.7928438e-01		6.8437324e-04
1.8520000e+01		1.7918450e-01		6.8446839e-04
1.8540000e+01		1.7908482e-01		6.8456342e-04
1.8560000e+01		1.7898534e-01		6.8465834e-04
1.8580000e+01		1.7888606e-01		6.8475315e-04
1.8600000e+01		1.7878698e-01		6.8484784e-04
1.8620000e+01		1.7868811e-01		6.8494242e-04
1.8640000e+01		1.7858943e-01		6.8503688e-04
1.8660000e+01		1.7849094e-01		6.8513123e-04
1.8680000e+01		1.7839266e-01		6.8522547e-04
1.8700000e+01		1.7829457e-01		6.8531959e-04
1.8720000e+01		1.7819668e-01		6.8541360e-04
1.8740000e+01		1.7809899e-01		6.8550750e-04
1.8760000e+01		1.7800148e-01		6.8560129e-04
1.8780000e+01		1.7790418e-01		6.8569497e-04
1.8800000e+01		1.7780706e-01		6.8578853e-04
1.8820000e+01		1.7771014e-01		6.8588199e-04
1.8840000e+01		1.7761342e-01		6.8597533e-04
1.8860000e+01		1.7751688e-01		6.8606857e-04
1.8880000e+01		1.7742054e-01		6.8616170e-04
1.8900000e+01		1.7732439e-01		6.8625471e-04
1.8920000e+01		1.7722842e-01		6.8634762e-04
1.8940000e+01		1.7713265e-01		6.8644042e-04
1.8960000e+01		1.7703707e-01		6.8653312e-04
1.8980000e+01		1.7694167e-01		6.8662570e-04
1.9000000e+01		1.7684647e-01		6.8671818e-04
1.9020000e+01		1.7675145e-01		6.8681055e-04
1.9040000e+01		1.7665661e-01		6.8690281e-04
1.9060000e+01		1.7656197e-01		6.8699497e-04
1.9080000e+01		1.7646751e-01		6.8708702e-04
1.9100000e+01		1.7637323e-01		6.8717897e-04
1.9120000e+01		1.7627914e-01		6.8727081e-04
1.9140000e+01		1.7618523e-01		6.8736255e-04
1.9160000e+01		1.7609151e-01		6.8745418e-04
1.9180000e+01		1.7599797e-01		6.8754571e-04
1.9200000e+01		1.7590461e-01		6.8763713e-04
1.9220000e+01		1.7581144e-01		6.8772845e-04
1.9240000e+01		1.7571844e-01		6.8781967e-04
1.9260000e+01		1.7562563e-01		6.8791078e-04
1.9280000e+01		1.7553299e-01		6.8800180e-04
1.9300000e+01		1.7544054e-01		6.8809270e-04
1.9320000e+01		1.7534827e-01		6.8818351e-04
1.9340000e+01		1.7525617e-01		6.8827422e-04
1.9360000e+01		1.7516425e-01		6.8836482e-04
1.9380000e+01		1.7507251e-01		6.8845533e-04
1.9400000e+01		1.7498095e-01		6.8854573e-04
1.9420000e+01		1.7488957e-01		6.8863603e-04
1.9440000e+01		1.7479836e-01		6.8872624e-04
1.9460000e+01		1.7470732e-01		6.8881634e-04
1.9480000e+01		1.7461646e-01		6.8890634e-04
1.9500000e+01		1.7452578e-01		6.8899625e-04
1.9520000e+01		1.7443527e-01		6.8908606e-04
1.9540000e+01		1.7434493e-01		6.8917576e-04
1.9560000e+01		1.7425476e-01		6.8926537e-04
1.9580000e+01		1.7416477e-01		6.8935489e-04
1.9600000e+01		1.7407495e-01		6.8944430e-04
1.9620000e+01		1.7398531e-01		6.8953362e-04
1.9640000e+01		1.7389583e-01		6.8962284e-04
1.9660000e+01		1.7380652e-01		6.8971196e-04
1.9680000e+01		1.7371738e-01		6.8980099e-04
1.9700000e+01		1.7362842e-01		6.8988992e-04
1.9720000e+01		1.7353962e-01		6.8997876e-04
1.9740000e+01		1.7345099e-01		6.9006750e-04
1.9760000e+01		1.7336253e-01		6.9015615e-04
1.9780000e+01		1.7327423e-01		6.9024470e-04
1.9800000e+01		1.7318611e-01		6.9033315e-04
1.9820000e+01		1.7309815e-01		6.9042152e-04
1.9840000e+01		1.7301035e-01		6.9050979e-04
1.9860000e+01		1.7292272e-01		6.9059796e-04
1.9880000e+01		1.7283526e-01		6.9068604e-04
1.9900000e+01		1.7274796e-01		6.9077403e-04
1.9920000e+01		1.7266083e-01		6.9086193e-04
1.9940000e+01		1.7257386e-01		6.9094973e-04
1.9960000e+01		1.7248705e-01		6.9103744e-04
1.9980000e+01		1.7240040e-01		6.9112506e-04
2.0000000e+01		1.7231392e-01		6.9121259e-04
2.0020000e+01		1.7222760e-01		6.9130003e-04
2.0040000e+01		1.7214144e-01		6.9138737e-04
2.0060000e+01		1.7205544e-01		6.9147463e-04
2.0080000e+01		1.7196960e-01		6.9156179e-04
2.0100000e+01		1.7188393e-01		6.9164887e-04
2.0120000e+01		1.7179841e-01		6.9173585e-04
2.0140000e+01		1.7171305e-01		6.9182275e-04
2.0160000e+01		1.7162785e-01		6.9190955e-04
2.0180000e+01		1.7154281e-01		6.9199627e-04
2.0200000e+01		1.7145792e-01		6.9208290e-04
2.0220000e+01		1.7137319e-01		6.9216944e-04
2.0240000e+01		1.7128862e-01		6.9225589e-04
2.0260000e+01		1.7120421e-01		6.9234225e-04
2.0280000e+01		1.7111995e-01		6.9242853e-04
2.0300000e+01		1.7103585e-01		6.9251472e-04
2.0320000e+01		1.7095190e-01		6.9260082e-04
2.0340000e+01		1.7086811e-01		6.9268683e-04
2.0360000e+01		1.7078447e-01		6.9277276e-04
2.0380000e+01		1.7070099e-01		6.9285860e-04
2.0400000e+01		1.7061766e-01		6.9294435e-04
2.0420000e+01		1.7053448e-01		6.9303002e-04
2.0440000e+01		1.7045145e-01		6.9311561e-04
2.0460000e+01		1.7036858e-01		6.9320111e-04
2.0480000e+01		1.7028586e-01		6.9328652e-04
2.0500000e+01		1.7020329e-01		6.9337185e-04
2.0520000e+01		1.7012087e-01		6.9345709e-04
2.0540000e+01		1.7003860e-01		6.9354225e-04
2.0560000e+01		1.6995648e-01		6.9362732e-04
2.0580000e+01		1.6987451e-01		6.9371232e-04
2.0600000e+01		1.6979269e-01		6.9379722e-04
2.0620000e+01		1.6971102e-01		6.9388205e-04
2.0640000e+01		1.6962949e-01		6.9396679e-04
2.0660000e+01		1.6954812e-01		6.9405145e-04
2.0680000e+01		1.6946689e-01		6.9413603e-04
2.0700000e+01		1.6938581e-01		6.9422052e-04
2.0720000e+01		1.6930487e-01		6.9430493e-04
2.0740000e+01		1.6922409e-01		6.9438926e-04
2.0760000e+01		1.6914344e-01		6.9447351e-04
2.0780000e+01		1.6906295e-01		6.9455768e-04
2.0800000e+01		1.6898260e-01		6.9464176e-04
2.0820000e+01		1.6890239e-01		6.9472577e-04
2.0840000e+01		1.6882233e-01		6.9480969e-04
2.0860000e+01		1.6874241e-01		6.9489354e-04
2.0880000e+01		1.6866263e-01		6.9497730e-04
2.0900000e+01		1.6858300e-01		6.9506099e-04
2.0920000e+01		1.6850351e-01		6.9514459e-04
2.0940000e+01		1.6842416e-01		6.9522811e-04
2.0960000e+01		1.6834496e-01		6.9531156e-04
2.0980000e+01		1.6826589e-01		6.9539493e-04
2.1000000e+01		1.6818697e-01		6.9547822e-04
2.1020000e+01		1.6810819e-01		6.9556143e-04
2.1040000e+01		1.6802955e-01		6.9564456e-04
2.1060000e+01		1.6795104e-01		6.9572761e-04
2.1080000e+01		1.6787268e-01		6.9581059e-04
2.1100000e+01		1.6779446e-01		6.9589349e-04
2.1120000e+01		1.6771638e-01		6.9597631e-04
2.1140000e+01		1.6763843e-01		6.9605905e-04
2.1160000e+01		1.6756062e-01		6.9614172e-04
2.1180000e+01		1.6748295e-01		6.9622431e-04
2.1200000e+01		1.6740542e-01		6.9630682e-04
2.1220000e+01		1.6732802e-01		6.9638926e-04
2.1240000e+01		1.6725077e-01		6.9647162e-04
2.1260000e+01		1.6717364e-01		6.9655391e-04
2.1280000e+01		1.6709666e-01		6.9663612e-04
2.1300000e+01		1.6701981e-01		6.9671825e-04
2.1320000e+01		1.6694309e-01		6.9680031e-04
2.1340000e+01		1.6686651e-01		6.9688230e-04
2.1360000e+01		1.6679006e-01		6.9696421e-04
2.1380000e+01		1.6671375e-01		6.9704605e-04
2.1400000e+01		1.6663757e-01		6.9712781e-04
2.1420000e+01		1.6656152e-01		6.9720950e-04
2.1440000e+01		1.6648561e-01		6.9729111e-04
2.1460000e+01		1.6640983e-01		6.9737265e-04
2.1480000e+01		1.6633418e-01		6.9745412e-04
2.1500000e+01		1.6625867e-01		6.9753551e-04
2.1520000e+01		1.6618328e-01		6.9761683e-04
2.1540000e+01		1.6610803e-01		6.9769808e-04
2.1560000e+01		1.6603291e-01		6.9777926e-04
2.1580000e+01		1.6595792e-01		6.9786036e-04
2.1600000e+01		1.6588306e-01		6.9794139e-04
2.1620000e+01		1.6580832e-01		6.9802235e-04
2.1640000e+01		1.6573372e-01		6.9810324e-04
2.1660000e+01		1.6565925e-01		6.9818406e-04
2.1680000e+01		1.6558491e-01		6.9826480e-04
2.1700000e+01		1.6551069e-01		6.9834548e-04
2.1720000e+01		1.6543660e-01		6.9842608e-04
2.1740000e+01		1.6536264e-01		6.9850661e-04
2.1760000e+01		1.6528881e-01		6.9858708e-04
2.1780000e+01		1.6521510e-01		6.9866747e-04
2.1800000e+01		1.6514153e-01		6.9874779e-04
2.1820000e+01		1.6506807e-01		6.9882804e-04
2.1840000e+01		1.6499475e-01		6.9890823e-04
2.1860000e+01		1.6492155e-01		6.9898834e-04
2.1880000e+01		1.6484847e-01		6.9906838e-04
2.1900000e+01		1.6477552e-01		6.9914836e-04
2.1920000e+01		1.6470270e-01		6.9922826e-04
2.1940000e+01		1.6463000e-01		6.9930810e-04
2.1960000e+01		1.6455742e-01		6.9938787e-04
2.1980000e+01		1.6448497e-01		6.9946757e-04
2.2000000e+01		1.6441264e-01		6.9954720e-04
2.2020000e+01		1.6434044e-01		6.9962677e-04
2.2040000e+01		1.6426835e-01		6.9970627e-04
2.2060000e+01		1.6419639e-01		6.9978570e-04
2.2080000e+01		1.6412455e-01		6.9986506e-04
2.2100000e+01		1.6405284e-01		6.9994435e-04
2.2120000e+01		1.6398124e-01		7.0002358e-04
2.2140000e+01		1.6390977e-01		7.0010274e-04
2.2160000e+01		1.6383842e-01		7.0018184e-04
2.2180000e+01		1.6376719e-01		7.0026087e-04
2.2200000e+01		1.6369607e-01		7.0033983e-04
2.2220000e+01		1.6362508e-01		7.0041873e-04
2.2240000e+01		1.6355421e-01		7.0049756e-04
2.2260000e+01		1.6348346e-01		7.0057632e-04
2.2280000e+01		1.6341283e-01		7.0065502e-04
2.2300000e+01		1.6334231e-01		7.0073366e-04
2.2320000e+01		1.6327192e-01		7.0081222e-04
2.2340000e+01		1.6320164e-01		7.0089073e-04
2.2360000e+01		1.6313148e-01		7.0096917e-04
2.2380000e+01		1.6306144e-01		7.0104754e-04
2.2400000e+01		1.6299151e-01		7.0112586e-04
2.2420000e+01		1.6292170e-01		7.0120410e-04
2.2440000e+01		1.6285201e-01		7.0128229e-04
2.2460000e+01		1.6278244e-01		7.0136040e-04
2.2480000e+01		1.6271298e-01		7.0143846e-04
2.2500000e+01		1.6264363e-01		7.0151645e-04
2.2520000e+01		1.6257440e-01		7.0159438e-04
2.2540000e+01		1.6250529e-01		7.0167225e-04
2.2560000e+01		1.6243629e-01		7.0175005e-04
2.2580000e+01		1.6236741e-01		7.0182779e-04
2.2600000e+01		1.6229864e-01		7.0190547e-04
2.2620000e+01		1.6222999e-01		7.0198308e-04
2.2640000e+01		1.6216145e-01		7.0206064e-04
2.2660000e+01		1.6209302e-01		7.0213813e-04
2.2680000e+01		1.6202470e-01		7.0221556e-04
2.2700000e+01		1.6195650e-01		7.0229292e-04
2.2720000e+01		1.6188841e-01		7.0237023e-04
2.2740000e+01		1.6182044e-01		7.0244747e-04
2.2760000e+01		1.6175257e-01		7.0252466e-04
2.2780000e+01		1.6168482e-01		7.0260178e-04
2.2800000e+01		1.6161718e-01		7.0267884e-04
2.2820000e+01		1.6154965e-01		7.0275584e-04
2.2840000e+01		1.6148223e-01		7.0283278e-04
2.2860000e+01		1.6141492e-01		7.0290966e-04
2.2880000e+01		1.6134772e-01		7.0298648e-04
2.2900000e+01		1.6128063e-01		7.0306324e-04
2.2920000e+01		1.6121365e-01		7.0313994e-04
2.2940000e+01		1.6114678e-01		7.0321658e-04
2.2960000e+01		1.6108002e-01		7.0329316e-04
2.2980000e+01		1.6101337e-01		7.0336968e-04
2.3000000e+01		1.6094683e-01		7.0344615e-04
2.3020000e+01		1.6088039e-01		7.0352255e-04
2.3040000e+01		1.6081407e-01		7.0359889e-04
2.3060000e+01		1.6074785e-01		7.0367518e-04
2.3080000e+01		1.6068174e-01		7.0375141e-04
2.3100000e+01		1.6061574e-01		7.0382758e-04
2.3120000e+01		1.6054984e-01		7.0390369e-04
2.3140000e+01		1.6048405e-01		7.0397974e-04
2.3160000e+01		1.6041837e-01		7.0405573e-04
2.3180000e+01		1.6035279e-01		7.0413167e-04
2.3200000e+01		1.6028732e-01		7.0420755e-04
2.3220000e+01		1.6022196e-01		7.0428337e-04
2.3240000e+01		1.6015670e-01		7.0435914e-04
2.3260000e+01		1.6009154e-01		7.0443484e-04
2.3280000e+01		1.6002649e-01		7.0451050e-04
2.3300000e+01		1.5996155e-01		7.0458609e-04
2.3320000e+01		1.5989671e-01		7.0466163e-04
2.3340000e+01		1.5983197e-01		7.0473711e-04
2.3360000e+01		1.5976734e-01		7.0481253e-04
2.3380000e+01		1.5970281e-01		7.0488790e-04
2.3400000e+01		1.5963839e-01		7.0496321e-04
2.3420000e+01		1.5957407e-01		7.0503847e-04
2.3440000e+01		1.5950985e-01		7.0511367e-04
2.3460000e+01		1.5944573e-01		7.0518881e-04
2.3480000e+01		1.5938172e-01		7.0526390e-04
2.3500000e+01		1.5931781e-01		7.0533894e-04
2.3520000e+01		1.5925400e-01		7.0541392e-04
2.3540000e+01		1.5919029e-01		7.0548884e-04
2.3560000e+01		1.5912668e-01		7.0556371e-04
2.3580000e+01		1.5906318e-01		7.0563852e-04
2.3600000e+01		1.5899977e-01		7.0571328e-04
2.3620000e+01		1.5893647e-01		7.0578799e-04
2.3640000e+01		1.5887327e-01		7.0586264e-04
2.3660000e+01		1.5881016e-01		7.0593724e-04
2.3680000e+01		1.5874716e-01		7.0601178e-04
2.3700000e+01		1.5868426e-01		7.0608627e-04
2.3720000e+01		1.5862145e-01		7.0616071e-04
2.3740000e+01		1.5855875e-01		7.0623509e-04
2.3760000e+01		1.5849614e-01		7.0630942e-04
2.3780000e+01		1.5843364e-01		7.0638369e-04
2.3800000e+01		1.5837123e-01		7.0645792e-04
2.3820000e+01		1.5830892e-01		7.0653209e-04
2.3840000e+01		1.5824671e-01		7.0660620e-04
2.3860000e+01		1.5818459e-01		7.0668027e-04
2.3880000e+01		1.5812257e-01		7.0675428e-04
2.3900000e+01		1.5806065e-01		7.0682824e-04
2.3920000e+01		1.5799883e-01		7.0690214e-04
2.3940000e+01		1.5793711e-01		7.0697600e-04
2.3960000e+01		1.5787548e-01		7.0704980e-04
2.3980000e+01		1.5781394e-01		7.0712355e-04
2.4000000e+01		1.5775251e-01		7.0719725e-04
2.4020000e+01		1.5769117e-01		7.0727090e-04
2.4040000e+01		1.5762992e-01		7.0734450e-04
2.4060000e+01		1.5756877e-01		7.0741804e-04
2.4080000e+01		1.5750772e-01		7.0749154e-04
2.4100000e+01		1.5744676e-01		7.0756498e-04
2.4120000e+01		1.5738589e-01		7.0763837e-04
2.4140000e+01		1.5732512e-01		7.0771171e-04
2.4160000e+01		1.5726445e-01		7.0778500e-04
2.4180000e+01		1.5720387e-01		7.0785824e-04
2.4200000e+01		1.5714338e-01		7.0793143e-04
2.4220000e+01		1.5708299e-01		7.0800457e-04
2.4240000e+01		1.5702268e-01		7.0807766e-04
2.4260000e+01		1.5696248e-01		7.0815070e-04
2.4280000e+01		1.5690236e-01		7.0822369e-04
2.4300000e+01		1.5684234e-01		7.0829663e-04
2.4320000e+01		1.5678241e-01		7.0836952e-04
2.4340000e+01		1.5672258e-01		7.0844236e-04
2.4360000e+01		1.5666283e-01		7.0851516e-04
2.4380000e+01		1.5660318e-01		7.0858790e-04
2.4400000e+01		1.5654362e-01		7.0866059e-04
2.4420000e+01		1.5648415e-01		7.0873324e-04
2.4440000e+01		1.5642477e-01		7.0880583e-04
2.4460000e+01		1.5636548e-01		7.0887838e-04
2.4480000e+01		1.5630629e-01		7.0895088e-04
2.4500000e+01		1.5624718e-01		7.0902333e-04
2.4520000e+01		1.5618816e-01		7.0909573e-04
2.4540000e+01		1.5612924e-01		7.0916809e-04
2.4560000e+01		1.5607040e-01		7.0924039e-04
2.4580000e+01		1.5601166e-01		7.0931265e-04
2.4600000e+01		1.5595300e-01		7.0938486e-04
2.4620000e+01		1.5589444e-01		7.0945702e-04
2.4640000e+01		1.5583596e-01		7.0952914e-04
2.4660000e+01		1.5577757e-01		7.0960121e-04
2.4680000e+01		1.5571927e-01		7.0967323e-04
2.4700000e+01		1.5566106e-01		7.0974520e-04
2.4720000e+01		1.5560293e-01		7.0981713e-04
2.4740000e+01		1.5554490e-01		7.0988901e-04
2.4760000e+01		1.5548695e-01		7.0996084e-04
2.4780000e+01		1.5542909e-01		7.1003262e-04
2.4800000e+01		1.5537132e-01		7.1010436e-04
2.4820000e+01		1.5531364e-01		7.1017606e-04
2.4840000e+01		1.5525604e-01		7.1024770e-04
2.4860000e+01		1.5519853e-01		7.1031931e-04
2.4880000e+01		1.5514110e-01		7.1039086e-04
2.4900000e+01		1.5508377e-01		7.1046237e-04
2.4920000e+01		1.5502652e-01		7.1053383e-04
2.4940000e+01		1.5496935e-01		7.1060525e-04
2.4960000e+01		1.5491227e-01		7.1067662e-04
2.4980000e+01		1.5485528e-01		7.1074795e-04
2.5000000e+01		1.5479837e-01		7.1081923e-04
2.5020000e+01		1.5474155e-01		7.1089046e-04
2.5040000e+01		1.5468481e-01		7.1096165e-04
2.5060000e+01		1.5462816e-01		7.1103280e-04
2.5080000e+01		1.5457159e-01		7.1110390e-04
2.5100000e+01		1.5451510e-01		7.1117496e-04
2.5120000e+01		1.5445870e-01		7.1124597e-04
2.5140000e+01		1.5440239e-01		7.1131693e-04
2.5160000e+01		1.5434616e-01		7.1138786e-04
2.5180000e+01		1.5429001e-01		7.1145873e-04
2.5200000e+01		1.5423395e-01		7.1152957e-04
2.5220000e+01		1.5417796e-01		7.1160036e-04
2.5240000e+01		1.5412207e-01		7.1167110e-04
2.5260000e+01		1.5406625e-01		7.1174181e-04
2.5280000e+01		1.5401052e-01		7.1181246e-04
2.5300000e+01		1.5395487e-01		7.1188308e-04
2.5320000e+01		1.5389930e-01		7.1195365e-04
2.5340000e+01		1.5384382e-01		7.1202418e-04
2.5360000e+01		1.5378842e-01		7.1209466e-04
2.5380000e+01		1.5373310e-01		7.1216510e-04
2.5400000e+01		1.5367786e-01		7.1223550e-04
2.5420000e+01		1.5362270e-01		7.1230586e-04
2.5440000e+01		1.5356762e-01		7.1237617e-04
2.5460000e+01		1.5351263e-01		7.1244644e-04
2.5480000e+01		1.5345771e-01		7.1251667e-04
2.5500000e+01		1.5340288e-01		7.1258685e-04
2.5520000e+01		1.5334813e-01		7.1265699e-04
2.5540000e+01		1.5329345e-01		7.1272709e-04
2.5560000e+01		1.5323886e-01		7.1279715e-04
2.5580000e+01		1.5318435e-01		7.1286717e-04
2.5600000e+01		1.5312992e-01		7.1293714e-04
2.5620000e+01		1.5307556e-01		7.1300707e-04
2.5640000e+01		1.5302129e-01		7.1307696e-04
2.5660000e+01		1.5296710e-01		7.1314681e-04
2.5680000e+01		1.5291298e-01		7.1321662e-04
2.5700000e+01		1.5285895e-01		7.1328638e-04
2.5720000e+01		1.5280499e-01		7.1335610e-04
2.5740000e+01		1.5275111e-01		7.1342579e-04
2.5760000e+01		1.5269731e-01		7.1349543e-04
2.5780000e+01		1.5264359e-01		7.1356503e-04
2.5800000e+01		1.5258994e-01		7.1363459e-04
2.5820000e+01		1.5253638e-01		7.1370411e-04
2.5840000e+01		1.5248289e-01		7.1377359e-04
2.5860000e+01		1.5242948e-01		7.1384302e-04
2.5880000e+01		1.5237614e-01		7.1391242e-04
2.5900000e+01		1.5232289e-01		7.1398178e-04
2.5920000e+01		1.5226971e-01		7.1405109e-04
2.5940000e+01		1.5221661e-01		7.1412037e-04
2.5960000e+01		1.5216358e-01		7.1418960e-04
2.5980000e+01		1.5211063e-01		7.1425880e-04
2.6000000e+01		1.5205776e-01		7.1432796e-04
2.6020000e+01		1.5200496e-01		7.1439707e-04
2.6040000e+01		1.5195224e-01		7.1446615e-04
2.6060000e+01		1.5189959e-01		7.1453519e-04
2.6080000e+01		1.5184702e-01		7.1460418e-04
2.6100000e+01		1.5179453e-01		7.1467314e-04
2.6120000e+01		1.5174211e-01		7.1474206e-04
2.6140000e+01		1.5168977e-01		7.1481094e-04
2.6160000e+01		1.5163750e-01		7.1487978e-04
2.6180000e+01		1.5158531e-01		7.1494858e-04
2.6200000e+01		1.5153319e-01		7.1501734e-04
2.6220000e+01		1.5148114e-01		7.1508607e-04
2.6240000e+01		1.5142917e-01		7.1515475e-04
2.6260000e+01		1.5137728e-01		7.1522340e-04
2.6280000e+01		1.5132546e-01		7.1529201e-04
2.6300000e+01		1.5127371e-01		7.1536058e-04
2.6320000e+01		1.5122203e-01		7.1542911e-04
2.6340000e+01		1.5117043e-01		7.1549760e-04
2.6360000e+01		1.5111891e-01		7.1556606e-04
2.6380000e+01		1.5106745e-01		7.1563447e-04
2.6400000e+01		1.5101607e-01		7.1570285e-04
2.6420000e+01		1.5096476e-01		7.1577119e-04
2.6440000e+01		1.5091353e-01		7.1583949e-04
2.6460000e+01		1.5086237e-01		7.1590776e-04
2.6480000e+01		1.5081127e-01		7.1597599e-04
2.6500000e+01		1.5076026e-01		7.1604418e-04
2.6520000e+01		1.5070931e-01		7.1611233e-04
2.6540000e+01		1.5065844e-01		7.1618045e-04
2.6560000e+01		1.5060763e-01		7.1624853e-04
2.6580000e+01		1.5055690e-01		7.1631657e-04
2.6600000e+01		1.5050624e-01		7.1638457e-04
2.6620000e+01		1.5045566e-01		7.1645254e-04
2.6640000e+01		1.5040514e-01		7.1652047e-04
2.6660000e+01		1.5035469e-01		7.1658836e-04
2.6680000e+01		1.5030432e-01		7.1665622e-04
2.6700000e+01		1.5025401e-01		7.1672404e-04
2.6720000e+01		1.5020378e-01		7.1679183e-04
2.6740000e+01		1.5015362e-01		7.1685957e-04
2.6760000e+01		1.5010352e-01		7.1692729e-04
2.6780000e+01		1.5005350e-01		7.1699496e-04
2.6800000e+01		1.5000355e-01		7.1706260e-04
2.6820000e+01		1.4995367e-01		7.1713020e-04
2.6840000e+01		1.4990385e-01		7.1719777e-04
2.6860000e+01		1.4985411e-01		7.1726530e-04
2.6880000e+01		1.4980443e-01		7.1733280e-04
2.6900000e+01		1.4975483e-01		7.1740026e-04
2.6920000e+01		1.4970529e-01		7.1746768e-04
2.6940000e+01		1.4965582e-01		7.1753507e-04
2.6960000e+01		1.4960643e-01		7.1760243e-04
2.6980000e+01		1.4955710e-01		7.1766974e-04
2.7000000e+01		1.4950783e-01		7.1773703e-04
2.7020000e+01		1.4945864e-01		7.1780428e-04
2.7040000e+01		1.4940951e-01		7.1787149e-04
2.7060000e+01		1.4936046e-01		7.1793867e-04
2.7080000e+01		1.4931147e-01		7.1800581e-04
2.7100000e+01		1.4926255e-01		7.1807292e-04
2.7120000e+01		1.4921369e-01		7.1813999e-04
2.7140000e+01		1.4916491e-01		7.1820703e-04
2.7160000e+01		1.4911619e-01		7.1827404e-04
2.7180000e+01		1.4906754e-01		7.1834101e-04
2.7200000e+01		1.4901895e-01		7.1840794e-04
2.7220000e+01		1.4897043e-01		7.1847484e-04
2.7240000e+01		1.4892198e-01		7.1854171e-04
2.7260000e+01		1.4887360e-01		7.1860854e-04
2.7280000e+01		1.4882528e-01		7.1867534e-04
2.7300000e+01		1.4877703e-01		7.1874211e-04
2.7320000e+01		1.4872884e-01		7.1880884e-04
2.7340000e+01		1.4868072e-01		7.1887554e-04
2.7360000e+01		1.4863267e-01		7.1894220e-04
2.7380000e+01		1.4858468e-01		7.1900883e-04
2.7400000e+01		1.4853676e-01		7.1907543e-04
2.7420000e+01		1.4848890e-01		7.1914199e-04
2.7440000e+01		1.4844111e-01		7.1920852e-04
2.7460000e+01		1.4839338e-01		7.1927502e-04
2.7480000e+01		1.4834572e-01		7.1934148e-04
2.7500000e+01		1.4829812e-01		7.1940791e-04
2.7520000e+01		1.4825059e-01		7.1947431e-04
2.7540000e+01		1.4820312e-01		7.1954067e-04
2.7560000e+01		1.4815572e-01		7.1960700e-04
2.7580000e+01		1.4810838e-01		7.1967330e-04
2.7600000e+01		1.4806111e-01		7.1973957e-04
2.7620000e+01		1.4801390e-01		7.1980580e-04
2.7640000e+01		1.4796675e-01		7.1987200e-04
2.7660000e+01		1.4791967e-01		7.1993817e-04
2.7680000e+01		1.4787265e-01		7.2000431e-04
2.7700000e+01		1.4782570e-01		7.2007041e-04
2.7720000e+01		1.4777881e-01		7.2013648e-04
2.7740000e+01		1.4773198e-01		7.2020252e-04
2.7760000e+01		1.4768521e-01		7.2026853e-04
2.7780000e+01		1.4763851e-01		7.2033450e-04
2.7800000e+01		1.4759187e-01		7.2040045e-04
2.7820000e+01		1.4754530e-01		7.2046636e-04
2.7840000e+01		1.4749878e-01		7.2053224e-04
2.7860000e+01		1.4745233e-01		7.2059809e-04
2.7880000e+01		1.4740594e-01		7.2066390e-04
2.7900000e+01		1.4735962e-01		7.2072969e-04
2.7920000e+01		1.4731335e-01		7.2079544e-04
2.7940000e+01		1.4726715e-01		7.2086116e-04
2.7960000e+01		1.4722101e-01		7.2092685e-04
2.7980000e+01		1.4717493e-01		7.2099251e-04
2.8000000e+01		1.4712892e-01		7.2105814e-04
2.8020000e+01		1.4708296e-01		7.2112374e-04
2.8040000e+01		1.4703707e-01		7.2118930e-04
2.8060000e+01		1.4699124e-01		7.2125484e-04
2.8080000e+01		1.4694547e-01		7.2132034e-04
2.8100000e+01		1.4689976e-01		7.2138582e-04
2.8120000e+01		1.4685411e-01		7.2145126e-04
2.8140000e+01		1.4680852e-01		7.2151667e-04
2.8160000e+01		1.4676299e-01		7.2158205e-04
2.8180000e+01		1.4671752e-01		7.2164740e-04
2.8200000e+01		1.4667211e-01		7.2171272e-04
2.8220000e+01		1.4662677e-01		7.2177801e-04
2.8240000e+01		1.4658148e-01		7.2184327e-04
2.8260000e+01		1.4653625e-01		7.2190850e-04
2.8280000e+01		1.4649109e-01		7.2197370e-04
2.8300000e+01		1.4644598e-01		7.2203887e-04
2.8320000e+01		1.4640093e-01		7.2210401e-04
2.8340000e+01		1.4635594e-01		7.2216912e-04
2.8360000e+01		1.4631102e-01		7.2223420e-04
2.8380000e+01		1.4626615e-01		7.2229925e-04
2.8400000e+01		1.4622134e-01		7.2236427e-04
2.8420000e+01		1.4617659e-01		7.2242926e-04
2.8440000e+01		1.4613189e-01		7.2249423e-04
2.8460000e+01		1.4608726e-01		7.2255916e-04
2.8480000e+01		1.4604269e-01		7.2262406e-04
2.8500000e+01		1.4599817e-01		7.2268893e-04
2.8520000e+01		1.4595371e-01		7.2275378e-04
2.8540000e+01		1.4590931e-01		7.2281859e-04
2.8560000e+01		1.4586497e-01		7.2288338e-04
2.8580000e+01		1.4582069e-01		7.2294813e-04
2.8600000e+01		1.4577646e-01		7.2301286e-04
2.8620000e+01		1.4573230e-01		7.2307756e-04
2.8640000e+01		1.4568819e-01		7.2314223e-04
2.8660000e+01		1.4564414e-01		7.2320687e-04
2.8680000e+01		1.4560014e-01		7.2327148e-04
2.8700000e+01		1.4555620e-01		7.2333607e-04
2.8720000e+01		1.4551232e-01		7.2340062e-04
2.8740000e+01		1.4546850e-01		7.2346515e-04
2.8760000e+01		1.4542474e-01		7.2352965e-04
2.8780000e+01		1.4538103e-01		7.2359412e-04
2.8800000e+01		1.4533738e-01		7.2365856e-04
2.8820000e+01		1.4529378e-01		7.2372297e-04
2.8840000e+01		1.4525024e-01		7.2378736e-04
2.8860000e+01		1.4520676e-01		7.2385171e-04
2.8880000e+01		1.4516334e-01		7.2391604e-04
2.8900000e+01		1.4511997e-01		7.2398034e-04
2.8920000e+01		1.4507665e-01		7.2404462e-04
2.8940000e+01		1.4503340e-01		7.2410886e-04
2.8960000e+01		1.4499019e-01		7.2417308e-04
2.8980000e+01		1.4494705e-01		7.2423727e-04
2.9000000e+01		1.4490396e-01		7.2430143e-04
2.9020000e+01		1.4486093e-01		7.2436557e-04
2.9040000e+01		1.4481795e-01		7.2442967e-04
2.9060000e+01		1.4477502e-01		7.2449375e-04
2.9080000e+01		1.4473216e-01		7.2455781e-04
2.9100000e+01		1.4468934e-01		7.2462183e-04
2.9120000e+01		1.4464658e-01		7.2468583e-04
2.9140000e+01		1.4460388e-01		7.2474980e-04
2.9160000e+01		1.4456123e-01		7.2481374e-04
2.9180000e+01		1.4451864e-01		7.2487766e-04
2.9200000e+01		1.4447610e-01		7.2494155e-04
2.9220000e+01		1.4443362e-01		7.2500541e-04
2.9240000e+01		1.4439119e-01		7.2506925e-04
2.9260000e+01		1.4434881e-01		7.2513306e-04
2.9280000e+01		1.4430649e-01		7.2519684e-04
2.9300000e+01		1.4426422e-01		7.2526060e-04
2.9320000e+01		1.4422201e-01		7.2532433e-04
2.9340000e+01		1.4417985e-01		7.2538803e-04
2.9360000e+01		1.4413774e-01		7.2545171e-04
2.9380000e+01		1.4409569e-01		7.2551535e-04
2.9400000e+01		1.4405369e-01		7.2557898e-04
2.9420000e+01		1.4401175e-01		7.2564258e-04
2.9440000e+01		1.4396985e-01		7.2570615e-04
2.9460000e+01		1.4392802e-01		7.2576969e-04
2.9480000e+01		1.4388623e-01		7.2583321e-04
2.9500000e+01		1.4384450e-01		7.2589670e-04
2.9520000e+01		1.4380282e-01		7.2596017e-04
2.9540000e+01		1.4376119e-01		7.2602361e-04
2.9560000e+01		1.4371962e-01		7.2608703e-04
2.9580000e+01		1.4367810e-01		7.2615042e-04
2.9600000e+01		1.4363663e-01		7.2621378e-04
2.9620000e+01		1.4359521e-01		7.2627712e-04
2.9640000e+01		1.4355384e-01		7.2634043e-04
2.9660000e+01		1.4351253e-01		7.2640372e-04
2.9680000e+01		1.4347127e-01		7.2646698e-04
2.9700000e+01		1.4343006e-01		7.2653021e-04
2.9720000e+01		1.4338891e-01		7.2659342e-04
2.9740000e+01		1.4334780e-01		7.2665661e-04
2.9760000e+01		1.4330675e-01		7.2671977e-04
2.9780000e+01		1.4326575e-01		7.2678290e-04
2.9800000e+01		1.4322480e-01		7.2684601e-04
2.9820000e+01		1.4318390e-01		7.2690910e-04
2.9840000e+01		1.4314305e-01		7.2697216e-04
2.9860000e+01		1.4310226e-01		7.2703519e-04
2.9880000e+01		1.4306151e-01		7.2709820e-04
2.9900000e+01		1.4302082e-01		7.2716119e-04
2.9920000e+01		1.4298017e-01		7.2722415e-04
2.9940000e+01		1.4293958e-01		7.2728708e-04
2.9960000e+01		1.4289904e-01		7.2734999e-04
2.9980000e+01		1.4285855e-01		7.2741288e-04
3.0000000e+01		1.4281811e-01		7.2747574e-04
3.0020000e+01		1.4277772e-01		7.2753858e-04
3.0040000e+01		1.4273738e-01		7.2760139e-04
3.0060000e+01		1.4269709e-01		7.2766418e-04
3.0080000e+01		1.4265685e-01		7.2772695e-04
3.0100000e+01		1.4261666e-01		7.2778969e-04
3.0120000e+01		1.4257652e-01		7.2785240e-04
3.0140000e+01		1.4253643e-01		7.2791509e-04
3.0160000e+01		1.4249639e-01		7.2797776e-04
3.0180000e+01		1.4245640e-01		7.2804041e-04
3.0200000e+01		1.4241646e-01		7.2810303e-04
3.0220000e+01		1.4237657e-01		7.2816562e-04
3.0240000e+01		1.4233673e-01		7.2822819e-04
3.0260000e+01		1.4229693e-01		7.2829074e-04
3.0280000e+01		1.4225719e-01		7.2835327e-04
3.0300000e+01		1.4221750e-01		7.2841577e-04
3.0320000e+01		1.4217785e-01		7.2847824e-04
3.0340000e+01		1.4213825e-01		7.2854070e-04
3.0360000e+01		1.4209870e-01		7.2860313e-04
3.0380000e+01		1.4205921e-01		7.2866554e-04
3.0400000e+01		1.4201975e-01		7.2872792e-04
3.0420000e+01		1.4198035e-01		7.2879028e-04
3.0440000e+01		1.4194100e-01		7.2885262e-04
3.0460000e+01		1.4190169e-01		7.2891493e-04
3.0480000e+01		1.4186244e-01		7.2897722e-04
3.0500000e+01		1.4182323e-01		7.2903949e-04
3.0520000e+01		1.4178407e-01		7.2910173e-04
3.0540000e+01		1.4174495e-01		7.2916395e-04
3.0560000e+01		1.4170589e-01		7.2922615e-04
3.0580000e+01		1.4166687e-01		7.2928833e-04
3.0600000e+01		1.4162790e-01		7.2935048e-04
3.0620000e+01		1.4158898e-01		7.2941261e-04
3.0640000e+01		1.4155010e-01		7.2947472e-04
3.0660000e+01		1.4151128e-01		7.2953680e-04
3.0680000e+01		1.4147250e-01		7.2959886e-04
3.0700000e+01		1.4143376e-01		7.2966090e-04
3.0720000e+01		1.4139508e-01		7.2972292e-04
3.0740000e+01		1.4135644e-01		7.2978491e-04
3.0760000e+01		1.4131785e-01		7.2984688e-04
3.0780000e+01		1.4127930e-01		7.2990883e-04
3.0800000e+01		1.4124080e-01		7.2997076e-04
3.0820000e+01		1.4120235e-01		7.3003266e-04
3.0840000e+01		1.4116395e-01		7.3009455e-04
3.0860000e+01		1.4112559e-01		7.3015641e-04
3.0880000e+01		1.4108728e-01		7.3021825e-04
3.0900000e+01		1.4104901e-01		7.3028006e-04
3.0920000e+01		1.4101079e-01		7.3034186e-04
3.0940000e+01		1.4097262e-01		7.3040363e-04
3.0960000e+01		1.4093449e-01		7.3046538e-04
3.0980000e+01		1.4089641e-01		7.3052711e-04
3.1000000e+01		1.4085838e-01		7.3058881e-04
3.1020000e+01		1.4082039e-01		7.3065050e-04
3.1040000e+01		1.4078245e-01		7.3071216e-04
3.1060000e+01		1.4074455e-01		7.3077380e-04
3.1080000e+01		1.4070670e-01		7.3083542e-04
3.1100000e+01		1.4066889e-01		7.3089702e-04
3.1120000e+01		1.4063113e-01		7.3095860e-04
3.1140000e+01		1.4059341e-01		7.3102016e-04
3.1160000e+01		1.4055574e-01		7.3108169e-04
3.1180000e+01		1.4051812e-01		7.3114320e-04
3.1200000e+01		1.4048054e-01		7.3120470e-04
3.1220000e+01		1.4044300e-01		7.3126617e-04
3.1240000e+01		1.4040551e-01		7.3132761e-04
3.1260000e+01		1.4036807e-01		7.3138904e-04
3.1280000e+01		1.4033067e-01		7.3145045e-04
3.1300000e+01		1.4029331e-01		7.3151184e-04
3.1320000e+01		1.4025600e-01		7.3157320e-04
3.1340000e+01		1.4021873e-01		7.3163454e-04
3.1360000e+01		1.4018151e-01		7.3169587e-04
3.1380000e+01		1.4014433e-01		7.3175717e-04
3.1400000e+01		1.4010720e-01		7.3181845e-04
3.1420000e+01		1.4007011e-01		7.3187971e-04
3.1440000e+01		1.4003306e-01		7.3194095e-04
3.1460000e+01		1.3999606e-01		7.3200217e-04
3.1480000e+01		1.3995910e-01		7.3206337e-04
3.1500000e+01		1.3992219e-01		7.3212455e-04
3.1520000e+01		1.3988532e-01		7.3218571e-04
3.1540000e+01		1.3984849e-01		7.3224684e-04
3.1560000e+01		1.3981171e-01		7.3230796e-04
3.1580000e+01		1.3977497e-01		7.3236906e-04
3.1600000e+01		1.3973827e-01		7.3243013e-04
3.1620000e+01		1.3970162e-01		7.3249119e-04
3.1640000e+01		1.3966501e-01		7.3255223e-04
3.1660000e+01		1.3962844e-01		7.3261324e-04
3.1680000e+01		1.3959192e-01		7.3267424e-04
3.1700000e+01		1.3955544e-01		7.3273521e-04
3.1720000e+01		1.3951900e-01		7.3279617e-04
3.1740000e+01		1.3948261e-01		7.3285710e-04
3.1760000e+01		1.3944626e-01		7.3291802e-04
3.1780000e+01		1.3940995e-01		7.3297891e-04
3.1800000e+01		1.3937368e-01		7.3303979e-04
3.1820000e+01		1.3933746e-01		7.3310065e-04
3.1840000e+01		1.3930128e-01		7.3316148e-04
3.1860000e+01		1.3926514e-01		7.3322230e-04
3.1880000e+01		1.3922904e-01		7.3328310e-04
3.1900000e+01		1.3919299e-01		7.3334387e-04
3.1920000e+01		1.3915698e-01		7.3340463e-04
3.1940000e+01		1.3912101e-01		7.3346537e-04
3.1960000e+01		1.3908508e-01		7.3352609e-04
3.1980000e+01		1.3904920e-01		7.3358679e-04
3.2000000e+01		1.3901335e-01		7.3364747e-04
3.2020000e+01		1.3897755e-01		7.3370813e-04
3.2040000e+01		1.3894179e-01		7.3376877e-04
3.2060000e+01		1.3890607e-01		7.3382939e-04
3.2080000e+01		1.3887040e-01		7.3388999e-04
3.2100000e+01		1.3883476e-01		7.3395058e-04
3.2120000e+01		1.3879917e-01		7.3401114e-04
3.2140000e+01		1.3876362e-01		7.3407169e-04
3.2160000e+01		1.3872810e-01		7.3413221e-04
3.2180000e+01		1.3869263e-01		7.3419272e-04
3.2200000e+01		1.3865721e-01		7.3425321e-04
3.2220000e+01		1.3862182e-01		7.3431368e-04
3.2240000e+01		1.3858647e-01		7.3437413e-04
3.2260000e+01		1.3855117e-01		7.3443456e-04
3.2280000e+01		1.3851590e-01		7.3449498e-04
3.2300000e+01		1.3848068e-01		7.3455537e-04
3.2320000e+01		1.3844549e-01		7.3461575e-04
3.2340000e+01		1.3841035e-01		7.3467611e-04
3.2360000e+01		1.3837525e-01		7.3473644e-04
3.2380000e+01		1.3834019e-01		7.3479676e-04
3.2400000e+01		1.3830517e-01		7.3485707e-04
3.2420000e+01		1.3827018e-01		7.3491735e-04
3.2440000e+01		1.3823524e-01		7.3497761e-04
3.2460000e+01		1.3820034e-01		7.3503786e-04
3.2480000e+01		1.3816548e-01		7.3509809e-04
3.2500000e+01		1.3813066e-01		7.3515830e-04
3.2520000e+01		1.3809588e-01		7.3521849e-04
3.2540000e+01		1.3806114e-01		7.3527867e-04
3.2560000e+01		1.3802644e-01		7.3533882e-04
3.2580000e+01		1.3799178e-01		7.3539896e-04
3.2600000e+01		1.3795716e-01		7.3545908e-04
3.2620000e+01		1.3792258e-01		7.3551918e-04
3.2640000e+01		1.3788803e-01		7.3557926e-04
3.2660000e+01		1.3785353e-01		7.3563933e-04
3.2680000e+01		1.3781907e-01		7.3569937e-04
3.2700000e+01		1.3778465e-01		7.3575940e-04
3.2720000e+01		1.3775026e-01		7.3581942e-04
3.2740000e+01		1.3771592e-01		7.3587941e-04
3.2760000e+01		1.3768161e-01		7.3593939e-04
3.2780000e+01		1.3764734e-01		7.3599935e-04
3.2800000e+01		1.3761311e-01		7.3605929e-04
3.2820000e+01		1.3757893e-01		7.3611921e-04
3.2840000e+01		1.3754478e-01		7.3617912e-04
3.2860000e+01		1.3751066e-01		7.3623900e-04
3.2880000e+01		1.3747659e-01		7.3629888e-04
3.2900000e+01		1.3744256e-01		7.3635873e-04
3.2920000e+01		1.3740856e-01		7.3641856e-04
3.2940000e+01		1.3737460e-01		7.3647838e-04
3.2960000e+01		1.3734069e-01		7.3653818e-04
3.2980000e+01		1.3730681e-01		7.3659797e-04
3.3000000e+01		1.3727296e-01		7.3665774e-04
3.3020000e+01		1.3723916e-01		7.3671749e-04
3.3040000e+01		1.3720539e-01		7.3677722e-04
3.3060000e+01		1.3717167e-01		7.3683693e-04
3.3080000e+01		1.3713798e-01		7.3689663e-04
3.3100000e+01		1.3710433e-01		7.3695631e-04
3.3120000e+01		1.3707071e-01		7.3701598e-04
3.3140000e+01		1.3703714e-01		7.3707562e-04
3.3160000e+01		1.3700360e-01		7.3713526e-04
3.3180000e+01		1.3697010e-01		7.3719487e-04
3.3200000e+01		1.3693664e-01		7.3725447e-04
3.3220000e+01		1.3690321e-01		7.3731405e-04
3.3240000e+01		1.3686983e-01		7.3737361e-04
3.3260000e+01		1.3683648e-01		7.3743316e-04
3.3280000e+01		1.3680317e-01		7.3749269e-04
3.3300000e+01		1.3676989e-01		7.3755220e-04
3.3320000e+01		1.3673665e-01		7.3761170e-04
3.3340000e+01		1.3670345e-01		7.3767118e-04
3.3360000e+01		1.3667029e-01		7.3773064e-04
3.3380000e+01		1.3663716e-01		7.3779009e-04
3.3400000e+01		1.3660407e-01		7.3784952e-04
3.3420000e+01		1.3657102e-01		7.3790893e-04
3.3440000e+01		1.3653801e-01		7.3796833e-04
3.3460000e+01		1.3650503e-01		7.3802771e-04
3.3480000e+01		1.3647208e-01		7.3808708e-04
3.3500000e+01		1.3643918e-01		7.3814643e-04
3.3520000e+01		1.3640631e-01		7.3820576e-04
3.3540000e+01		1.3637348e-01		7.3826507e-04
3.3560000e+01		1.3634068e-01		7.3832438e-04
3.3580000e+01		1.3630792e-01		7.3838366e-04
3.3600000e+01		1.3627520e-01		7.3844293e-04
3.3620000e+01		1.3624252e-01		7.3850218e-04
3.3640000e+01		1.3620986e-01		7.3856142e-04
3.3660000e+01		1.3617725e-01		7.3862064e-04
3.3680000e+01		1.3614467e-01		7.3867984e-04
3.3700000e+01		1.3611213e-01		7.3873903e-04
3.3720000e+01		1.3607963e-01		7.3879820e-04
3.3740000e+01		1.3604716e-01		7.3885736e-04
3.3760000e+01		1.3601472e-01		7.3891650e-04
3.3780000e+01		1.3598232e-01		7.3897563e-04
3.3800000e+01		1.3594996e-01		7.3903474e-04
3.3820000e+01		1.3591763e-01		7.3909383e-04
3.3840000e+01		1.3588534e-01		7.3915291e-04
3.3860000e+01		1.3585309e-01		7.3921197e-04
3.3880000e+01		1.3582087e-01		7.3927102e-04
3.3900000e+01		1.3578868e-01		7.3933005e-04
3.3920000e+01		1.3575653e-01		7.3938907e-04
3.3940000e+01		1.3572442e-01		7.3944807e-04
3.3960000e+01		1.3569234e-01		7.3950706e-04
3.3980000e+01		1.3566030e-01		7.3956603e-04
3.4000000e+01		1.3562829e-01		7.3962498e-04
3.4020000e+01		1.3559632e-01		7.3968392e-04
3.4040000e+01		1.3556438e-01		7.3974285e-04
3.4060000e+01		1.3553248e-01		7.3980176e-04
3.4080000e+01		1.3550061e-01		7.3986065e-04
3.4100000e+01		1.3546877e-01		7.3991953e-04
3.4120000e+01		1.3543698e-01		7.3997839e-04
3.4140000e+01		1.3540521e-01		7.4003724e-04
3.4160000e+01		1.3537348e-01		7.4009608e-04
3.4180000e+01		1.3534179e-01		7.4015490e-04
3.4200000e+01		1.3531013e-01		7.4021370e-04
3.4220000e+01		1.3527850e-01		7.4027249e-04
3.4240000e+01		1.3524691e-01		7.4033126e-04
3.4260000e+01		1.3521535e-01		7.4039002e-04
3.4280000e+01		1.3518383e-01		7.4044877e-04
3.4300000e+01		1.3515234e-01		7.4050750e-04
3.4320000e+01		1.3512089e-01		7.4056621e-04
3.4340000e+01		1.3508947e-01		7.4062491e-04
3.4360000e+01		1.3505808e-01		7.4068360e-04
3.4380000e+01		1.3502673e-01		7.4074227e-04
3.4400000e+01		1.3499541e-01		7.4080093e-04
3.4420000e+01		1.3496413e-01		7.4085957e-04
3.4440000e+01		1.3493288e-01		7.4091819e-04
3.4460000e+01		1.3490166e-01		7.4097681e-04
3.4480000e+01		1.3487048e-01		7.4103541e-04
3.4500000e+01		1.3483933e-01		7.4109399e-04
3.4520000e+01		1.3480822e-01		7.4115256e-04
3.4540000e+01		1.3477714e-01		7.4121111e-04
3.4560000e+01		1.3474609e-01		7.4126965e-04
3.4580000e+01		1.3471507e-01		7.4132818e-04
3.4600000e+01		1.3468409e-01		7.4138669e-04
3.4620000e+01		1.3465315e-01		7.4144519e-04
3.4640000e+01		1.3462223e-01		7.4150368e-04
3.4660000e+01		1.3459135e-01		7.4156214e-04
3.4680000e+01		1.3456050e-01		7.4162060e-04
3.4700000e+01		1.3452969e-01		7.4167904e-04
3.4720000e+01		1.3449891e-01		7.4173747e-04
3.4740000e+01		1.3446816e-01		7.4179588e-04
3.4760000e+01		1.3443744e-01		7.4185428e-04
3.4780000e+01		1.3440676e-01		7.4191267e-04
3.4800000e+01		1.3437611e-01		7.4197104e-04
3.4820000e+01		1.3434549e-01		7.4202940e-04
3.4840000e+01		1.3431491e-01		7.4208774e-04
3.4860000e+01		1.3428435e-01		7.4214607e-04
3.4880000e+01		1.3425384e-01		7.4220439e-04
3.4900000e+01		1.3422335e-01		7.4226269e-04
3.4920000e+01		1.3419289e-01		7.4232098e-04
3.4940000e+01		1.3416247e-01		7.4237925e-04
3.4960000e+01		1.3413208e-01		7.4243751e-04
3.4980000e+01		1.3410173e-01		7.4249576e-04
3.5000000e+01		1.3407140e-01		7.4255399e-04
3.5020000e+01		1.3404111e-01		7.4261222e-04
3.5040000e+01		1.3401085e-01		7.4267042e-04
3.5060000e+01		1.3398062e-01		7.4272862e-04
3.5080000e+01		1.3395043e-01		7.4278680e-04
3.5100000e+01		1.3392026e-01		7.4284496e-04
3.5120000e+01		1.3389013e-01		7.4290312e-04
3.5140000e+01		1.3386003e-01		7.4296126e-04
3.5160000e+01		1.3382996e-01		7.4301938e-04
3.5180000e+01		1.3379993e-01		7.4307749e-04
3.5200000e+01		1.3376992e-01		7.4313559e-04
3.5220000e+01		1.3373995e-01		7.4319368e-04
3.5240000e+01		1.3371001e-01		7.4325175e-04
3.5260000e+01		1.3368010e-01		7.4330981e-04
3.5280000e+01		1.3365022e-01		7.4336786e-04
3.5300000e+01		1.3362038e-01		7.4342590e-04
3.5320000e+01		1.3359056e-01		7.4348392e-04
3.5340000e+01		1.3356078e-01		7.4354192e-04
3.5360000e+01		1.3353103e-01		7.4359992e-04
3.5380000e+01		1.3350131e-01		7.4365790e-04
3.5400000e+01		1.3347162e-01		7.4371587e-04
3.5420000e+01		1.3344196e-01		7.4377383e-04
3.5440000e+01		1.3341233e-01		7.4383177e-04
3.5460000e+01		1.3338274e-01		7.4388970e-04
3.5480000e+01		1.3335317e-01		7.4394762e-04
3.5500000e+01		1.3332364e-01		7.4400552e-04
3.5520000e+01		1.3329414e-01		7.4406341e-04
3.5540000e+01		1.3326467e-01		7.4412129e-04
3.5560000e+01		1.3323522e-01		7.4417916e-04
3.5580000e+01		1.3320581e-01		7.4423701e-04
3.5600000e+01		1.3317643e-01		7.4429485e-04
3.5620000e+01		1.3314709e-01		7.4435268e-04
3.5640000e+01		1.3311777e-01		7.4441050e-04
3.5660000e+01		1.3308848e-01		7.4446830e-04
3.5680000e+01		1.3305922e-01		7.4452609e-04
3.5700000e+01		1.3303000e-01		7.4458387e-04
3.5720000e+01		1.3300080e-01		7.4464163e-04
3.5740000e+01		1.3297164e-01		7.4469939e-04
3.5760000e+01		1.3294250e-01		7.4475713e-04
3.5780000e+01		1.3291340e-01		7.4481486e-04
3.5800000e+01		1.3288432e-01		7.4487257e-04
3.5820000e+01		1.3285528e-01		7.4493028e-04
3.5840000e+01		1.3282626e-01		7.4498797e-04
3.5860000e+01		1.3279728e-01		7.4504565e-04
3.5880000e+01		1.3276833e-01		7.4510331e-04
3.5900000e+01		1.3273940e-01		7.4516097e-04
3.5920000e+01		1.3271051e-01		7.4521861e-04
3.5940000e+01		1.3268164e-01		7.4527624e-04
3.5960000e+01		1.3265281e-01		7.4533386e-04
3.5980000e+01		1.3262401e-01		7.4539147e-04
3.6000000e+01		1.3259523e-01		7.4544906e-04
3.6020000e+01		1.3256649e-01		7.4550664e-04
3.6040000e+01		1.3253777e-01		7.4556421e-04
3.6060000e+01		1.3250909e-01		7.4562177e-04
3.6080000e+01		1.3248043e-01		7.4567932e-04
3.6100000e+01		1.3245180e-01		7.4573685e-04
3.6120000e+01		1.3242321e-01		7.4579437e-04
3.6140000e+01		1.3239464e-01		7.4585188e-04
3.6160000e+01		1.3236610e-01		7.4590938e-04
3.6180000e+01		1.3233759e-01		7.4596687e-04
3.6200000e+01		1.3230911e-01		7.4602434e-04
3.6220000e+01		1.3228066e-01		7.4608181e-04
3.6240000e+01		1.3225224e-01		7.4613926e-04
3.6260000e+01		1.3222385e-01		7.4619670e-04
3.6280000e+01		1.3219549e-01		7.4625413e-04
3.6300000e+01		1.3216716e-01		7.4631155e-04
3.6320000e+01		1.3213885e-01		7.4636895e-04
3.6340000e+01		1.3211058e-01		7.4642634e-04
3.6360000e+01		1.3208233e-01		7.4648373e-04
3.6380000e+01		1.3205411e-01		7.4654110e-04
3.6400000e+01		1.3202592e-01		7.4659846e-04
3.6420000e+01		1.3199776e-01		7.4665580e-04
3.6440000e+01		1.3196963e-01		7.4671314e-04
3.6460000e+01		1.3194153e-01		7.4677047e-04
3.6480000e+01		1.3191346e-01		7.4682778e-04
3.6500000e+01		1.3188541e-01		7.4688508e-04
3.6520000e+01		1.3185739e-01		7.4694237e-04
3.6540000e+01		1.3182941e-01		7.4699965e-04
3.6560000e+01		1.3180145e-01		7.4705692e-04
3.6580000e+01		1.3177351e-01		7.4711418e-04
3.6600000e+01		1.3174561e-01		7.4717142e-04
3.6620000e+01		1.3171774e-01		7.4722866e-04
3.6640000e+01		1.3168989e-01		7.4728588e-04
3.6660000e+01		1.3166207e-01		7.4734309e-04
3.6680000e+01		1.3163428e-01		7.4740030e-04
3.6700000e+01		1.3160652e-01		7.4745749e-04
3.6720000e+01		1.3157879e-01		7.4751467e-04
3.6740000e+01		1.3155108e-01		7.4757183e-04
3.6760000e+01		1.3152341e-01		7.4762899e-04
3.6780000e+01		1.3149576e-01		7.4768614e-04
3.6800000e+01		1.3146813e-01		7.4774327e-04
3.6820000e+01		1.3144054e-01		7.4780040e-04
3.6840000e+01		1.3141298e-01		7.4785751e-04
3.6860000e+01		1.3138544e-01		7.4791461e-04
3.6880000e+01		1.3135793e-01		7.4797171e-04
3.6900000e+01		1.3133044e-01		7.4802879e-04
3.6920000e+01		1.3130299e-01		7.4808586e-04
3.6940000e+01		1.3127556e-01		7.4814292e-04
3.6960000e+01		1.3124816e-01		7.4819997e-04
3.6980000e+01		1.3122079e-01		7.4825700e-04
3.7000000e+01		1.3119345e-01		7.4831403e-04
3.7020000e+01		1.3116613e-01		7.4837105e-04
3.7040000e+01		1.3113884e-01		7.4842806e-04
3.7060000e+01		1.3111158e-01		7.4848505e-04
3.7080000e+01		1.3108434e-01		7.4854204e-04
3.7100000e+01		1.3105714e-01		7.4859901e-04
3.7120000e+01		1.3102996e-01		7.4865598e-04
3.7140000e+01		1.3100280e-01		7.4871293e-04
3.7160000e+01		1.3097568e-01		7.4876987e-04
3.7180000e+01		1.3094858e-01		7.4882681e-04
3.7200000e+01		1.3092151e-01		7.4888373e-04
3.7220000e+01		1.3089446e-01		7.4894064e-04
3.7240000e+01		1.3086744e-01		7.4899754e-04
3.7260000e+01		1.3084045e-01		7.4905443e-04
3.7280000e+01		1.3081349e-01		7.4911131e-04
3.7300000e+01		1.3078655e-01		7.4916819e-04
3.7320000e+01		1.3075964e-01		7.4922505e-04
3.7340000e+01		1.3073276e-01		7.4928190e-04
3.7360000e+01		1.3070590e-01		7.4933874e-04
3.7380000e+01		1.3067907e-01		7.4939557e-04
3.7400000e+01		1.3065227e-01		7.4945239e-04
3.7420000e+01		1.3062549e-01		7.4950920e-04
3.7440000e+01		1.3059874e-01		7.4956600e-04
3.7460000e+01		1.3057202e-01		7.4962279e-04
3.7480000e+01		1.3054532e-01		7.4967956e-04
3.7500000e+01		1.3051865e-01		7.4973633e-04
3.7520000e+01		1.3049201e-01		7.4979309e-04
3.7540000e+01		1.3046539e-01		7.4984984e-04
3.7560000e+01		1.3043880e-01		7.4990658e-04
3.7580000e+01		1.3041223e-01		7.4996331e-04
3.7600000e+01		1.3038570e-01		7.5002003e-04
3.7620000e+01		1.3035918e-01		7.5007674e-04
3.7640000e+01		1.3033270e-01		7.5013344e-04
3.7660000e+01		1.3030624e-01		7.5019013e-04
3.7680000e+01		1.3027980e-01		7.5024681e-04
3.7700000e+01		1.3025339e-01		7.5030348e-04
3.7720000e+01		1.3022701e-01		7.5036015e-04
3.7740000e+01		1.3020066e-01		7.5041680e-04
3.7760000e+01		1.3017433e-01		7.5047344e-04
3.7780000e+01		1.3014802e-01		7.5053007e-04
3.7800000e+01		1.3012174e-01		7.5058669e-04
3.7820000e+01		1.3009549e-01		7.5064331e-04
3.7840000e+01		1.3006926e-01		7.5069991e-04
3.7860000e+01		1.3004306e-01		7.5075650e-04
3.7880000e+01		1.3001689e-01		7.5081309e-04
3.7900000e+01		1.2999074e-01		7.5086966e-04
3.7920000e+01		1.2996461e-01		7.5092623e-04
3.7940000e+01		1.2993851e-01		7.5098278e-04
3.7960000e+01		1.2991244e-01		7.5103933e-04
3.7980000e+01		1.2988639e-01		7.5109586e-04
3.8000000e+01		1.2986037e-01		7.5115239e-04
3.8020000e+01		1.2983437e-01		7.5120891e-04
3.8040000e+01		1.2980840e-01		7.5126542e-04
3.8060000e+01		1.2978246e-01		7.5132192e-04
3.8080000e+01		1.2975654e-01		7.5137841e-04
3.8100000e+01		1.2973064e-01		7.5143489e-04
3.8120000e+01		1.2970477e-01		7.5149136e-04
3.8140000e+01		1.2967893e-01		7.5154782e-04
3.8160000e+01		1.2965311e-01		7.5160427e-04
3.8180000e+01		1.2962731e-01		7.5166072e-04
3.8200000e+01		1.2960154e-01		7.5171715e-04
3.8220000e+01		1.2957580e-01		7.5177358e-04
3.8240000e+01		1.2955008e-01		7.5182999e-04
3.8260000e+01		1.2952438e-01		7.5188640e-04
3.8280000e+01		1.2949871e-01		7.5194280e-04
3.8300000e+01		1.2947307e-01		7.5199919e-04
3.8320000e+01		1.2944745e-01		7.5205557e-04
3.8340000e+01		1.2942185e-01		7.5211194e-04
3.8360000e+01		1.2939628e-01		7.5216830e-04
3.8380000e+01		1.2937074e-01		7.5222465e-04
3.8400000e+01		1.2934521e-01		7.5228100e-04
3.8420000e+01		1.2931972e-01		7.5233733e-04
3.8440000e+01		1.2929425e-01		7.5239366e-04
3.8460000e+01		1.2926880e-01		7.5244998e-04
3.8480000e+01		1.2924338e-01		7.5250629e-04
3.8500000e+01		1.2921798e-01		7.5256259e-04
3.8520000e+01		1.2919261e-01		7.5261888e-04
3.8540000e+01		1.2916726e-01		7.5267516e-04
3.8560000e+01		1.2914193e-01		7.5273143e-04
3.8580000e+01		1.2911663e-01		7.5278770e-04
3.8600000e+01		1.2909136e-01		7.5284395e-04
3.8620000e+01		1.2906610e-01		7.5290020e-04
3.8640000e+01		1.2904088e-01		7.5295644e-04
3.8660000e+01		1.2901567e-01		7.5301267e-04
3.8680000e+01		1.2899049e-01		7.5306889e-04
3.8700000e+01		1.2896534e-01		7.5312511e-04
3.8720000e+01		1.2894021e-01		7.5318131e-04
3.8740000e+01		1.2891510e-01		7.5323751e-04
3.8760000e+01		1.2889002e-01		7.5329369e-04
3.8780000e+01		1.2886496e-01		7.5334987e-04
3.8800000e+01		1.2883992e-01		7.5340604e-04
3.8820000e+01		1.2881491e-01		7.5346221e-04
3.8840000e+01		1.2878993e-01		7.5351836e-04
3.8860000e+01		1.2876496e-01		7.5357450e-04
3.8880000e+01		1.2874002e-01		7.5363064e-04
3.8900000e+01		1.2871511e-01		7.5368677e-04
3.8920000e+01		1.2869022e-01		7.5374289e-04
3.8940000e+01		1.2866535e-01		7.5379900e-04
3.8960000e+01		1.2864051e-01		7.5385510e-04
3.8980000e+01		1.2861568e-01		7.5391120e-04
3.9000000e+01		1.2859089e-01		7.5396729e-04
3.9020000e+01		1.2856611e-01		7.5402336e-04
3.9040000e+01		1.2854136e-01		7.5407944e-04
3.9060000e+01		1.2851664e-01		7.5413550e-04
3.9080000e+01		1.2849194e-01		7.5419155e-04
3.9100000e+01		1.2846726e-01		7.5424760e-04
3.9120000e+01		1.2844260e-01		7.5430364e-04
3.9140000e+01		1.2841797e-01		7.5435966e-04
3.9160000e+01		1.2839336e-01		7.5441569e-04
3.9180000e+01		1.2836877e-01		7.5447170e-04
3.9200000e+01		1.2834421e-01		7.5452771e-04
3.9220000e+01		1.2831967e-01		7.5458370e-04
3.9240000e+01		1.2829515e-01		7.5463969e-04
3.9260000e+01		1.2827066e-01		7.5469567e-04
3.9280000e+01		1.2824619e-01		7.5475165e-04
3.9300000e+01		1.2822174e-01		7.5480761e-04
3.9320000e+01		1.2819732e-01		7.5486357e-04
3.9340000e+01		1.2817292e-01		7.5491952e-04
3.9360000e+01		1.2814854e-01		7.5497546e-04
3.9380000e+01		1.2812418e-01		7.5503140e-04
3.9400000e+01		1.2809985e-01		7.5508732e-04
3.9420000e+01		1.2807554e-01		7.5514324e-04
3.9440000e+01		1.2805126e-01		7.5519915e-04
3.9460000e+01		1.2802699e-01		7.5525506e-04
3.9480000e+01		1.2800275e-01		7.5531095e-04
3.9500000e+01		1.2797853e-01		7.5536684e-04
3.9520000e+01		1.2795434e-01		7.5542272e-04
3.9540000e+01		1.2793017e-01		7.5547859e-04
3.9560000e+01		1.2790602e-01		7.5553445e-04
3.9580000e+01		1.2788189e-01		7.5559031e-04
3.9600000e+01		1.2785778e-01		7.5564616e-04
3.9620000e+01		1.2783370e-01		7.5570200e-04
3.9640000e+01		1.2780964e-01		7.5575784e-04
3.9660000e+01		1.2778561e-01		7.5581366e-04
3.9680000e+01		1.2776159e-01		7.5586948e-04
3.9700000e+01		1.2773760e-01		7.5592529e-04
3.9720000e+01		1.2771363e-01		7.5598110e-04
3.9740000e+01		1.2768968e-01		7.5603689e-04
3.9760000e+01		1.2766576e-01		7.5609268e-04
3.9780000e+01		1.2764185e-01		7.5614846e-04
3.9800000e+01		1.2761797e-01		7.5620424e-04
3.9820000e+01		1.2759411e-01		7.5626000e-04
3.9840000e+01		1.2757028e-01		7.5631576e-04
3.9860000e+01		1.2754646e-01		7.5637152e-04
3.9880000e+01		1.2752267e-01		7.5642726e-04
3.9900000e+01		1.2749890e-01		7.5648300e-04
3.9920000e+01		1.2747516e-01		7.5653873e-04
3.9940000e+01		1.2745143e-01		7.5659445e-04
3.9960000e+01		1.2742773e-01		7.5665017e-04
3.9980000e+01		1.2740404e-01		7.5670587e-04
4.0000000e+01		1.2738038e-01		0.0000000e+00
