0.0000000e+00		1.0000000e+00		0.0000000e+00
2.0000000e-02		9.9993334e-01		1.0661266e-09
4.0000000e-02		9.9973347e-01		8.5241000e-09
6.0000000e-02		9.9940058e-01		2.8746180e-08
8.0000000e-02		9.9893496e-01		6.8069541e-08
1.0000000e-01		9.9833699e-01		1.3278119e-07
1.2000000e-01		9.9760715e-01		2.2910309e-07
1.4000000e-01		9.9674600e-01		3.6317762e-07
1.6000000e-01		9.9575420e-01		5.4105324e-07
1.8000000e-01		9.9463251e-01		7.6867062e-07
2.0000000e-01		9.9338176e-01		1.0518492e-06
2.2000000e-01		9.9200289e-01		1.3962740e-06
2.4000000e-01		9.9049690e-01		1.8074835e-06
2.6000000e-01		9.8886490e-01		2.2908570e-06
2.8000000e-01		9.8710806e-01		2.8516041e-06
3.0000000e-01		9.8522765e-01		3.4947531e-06
3.2000000e-01		9.8322500e-01		4.2251417e-06
3.4000000e-01		9.8110153e-01		5.0474068e-06
3.6000000e-01		9.7885873e-01		5.9659766e-06
3.8000000e-01		9.7649815e-01		6.9850620e-06
4.0000000e-01		9.7402143e-01		8.1086496e-06
4.2000000e-01		9.7143025e-01		9.3404952e-06
4.4000000e-01		9.6872637e-01		1.0684118e-05
4.6000000e-01		9.6591159e-01		1.2142797e-05
4.8000000e-01		9.6298780e-01		1.3719563e-05
5.0000000e-01		9.5995692e-01		1.5417201e-05
5.2000000e-01		9.5682092e-01		1.7238243e-05
5.4000000e-01		9.5358183e-01		1.9184967e-05
5.6000000e-01		9.5024172e-01		2.1259397e-05
5.8000000e-01		9.4680269e-01		2.3463303e-05
6.0000000e-01		9.4326689e-01		2.5798200e-05
6.2000000e-01		9.3963652e-01		2.8265350e-05
6.4000000e-01		9.3591378e-01		3.0865762e-05
6.6000000e-01		9.3210093e-01		3.3600199e-05
6.8000000e-01		9.2820024e-01		3.6469174e-05
7.0000000e-01		9.2421400e-01		3.9472961e-05
7.2000000e-01		9.2014453e-01		4.2611593e-05
7.4000000e-01		9.1599417e-01		4.5884870e-05
7.6000000e-01		9.1176527e-01		4.9292366e-05
7.8000000e-01		9.0746018e-01		5.2833429e-05
8.0000000e-01		9.0308127e-01		5.6507194e-05
8.2000000e-01		8.9863093e-01		6.0312583e-05
8.4000000e-01		8.9411152e-01		6.4248318e-05
8.6000000e-01		8.8952544e-01		6.8312922e-05
8.8000000e-01		8.8487505e-01		7.2504733e-05
9.0000000e-01		8.8016274e-01		7.6821908e-05
9.2000000e-01		8.7539087e-01		8.1262429e-05
9.4000000e-01		8.7056179e-01		8.5824119e-05
9.6000000e-01		8.6567786e-01		9.0504641e-05
9.8000000e-01		8.6074141e-01		9.5301512e-05
1.0000000e+00		8.5575476e-01		1.0021211e-04
1.0200000e+00		8.5072020e-01		1.0523369e-04
1.0400000e+00		8.4564002e-01		1.1036337e-04
1.0600000e+00		8.4051649e-01		1.1559818e-04
1.0800000e+00		8.3535183e-01		1.2093501e-04
1.1000000e+00		8.3014826e-01		1.2637070e-04
1.1200000e+00		8.2490797e-01		1.3190197e-04
1.1400000e+00		8.1963311e-01		1.3752546e-04
1.1600000e+00		8.1432583e-01		1.4323777e-04
1.1800000e+00		8.0898821e-01		1.4903541e-04
1.2000000e+00		8.0362234e-01		1.5491485e-04
1.2200000e+00		7.9823024e-01		1.6087252e-04
1.2400000e+00		7.9281392e-01		1.6690478e-04
1.2600000e+00		7.8737535e-01		1.7300801e-04
1.2800000e+00		7.8191646e-01		1.7917852e-04
1.3000000e+00		7.7643916e-01		1.8541262e-04
1.3200000e+00		7.7094530e-01		1.9170663e-04
1.3400000e+00		7.6543671e-01		1.9805684e-04
1.3600000e+00		7.5991518e-01		2.0445955e-04
1.3800000e+00		7.5438245e-01		2.1091109e-04
1.4000000e+00		7.4884024e-01		2.1740776e-04
1.4200000e+00		7.4329022e-01		2.2394594e-04
1.4400000e+00		7.3773402e-01		2.3052198e-04
1.4600000e+00		7.3217323e-01		2.3713229e-04
1.4800000e+00		7.2660940e-01		2.4377332e-04
1.5000000e+00		7.2104406e-01		2.5044154e-04
1.5200000e+00		7.1547867e-01		2.5713348e-04
1.5400000e+00		7.0991467e-01		2.6384571e-04
1.5600000e+00		7.0435345e-01		2.7057486e-04
1.5800000e+00		6.9879637e-01		2.7731759e-04
1.6000000e+00		6.9324475e-01		2.8407066e-04
1.6200000e+00		6.8769986e-01		2.9083086e-04
1.6400000e+00		6.8216294e-01		2.9759504e-04
1.6600000e+00		6.7663520e-01		3.0436013e-04
1.6800000e+00		6.7111780e-01		3.1112314e-04
1.7000000e+00		6.6561185e-01		3.1788111e-04
1.7200000e+00		6.6011845e-01		3.2463120e-04
1.7400000e+00		6.5463865e-01		3.3137060e-04
1.7600000e+00		6.4917346e-01		3.3809660e-04
1.7800000e+00		6.4372385e-01		3.4480656e-04
1.8000000e+00		6.3829078e-01		3.5149792e-04
1.8200000e+00		6.3287515e-01		3.5816818e-04
1.8400000e+00		6.2747783e-01		3.6481494e-04
1.8600000e+00		6.2209967e-01		3.7143586e-04
1.8800000e+00		6.1674145e-01		3.7802869e-04
1.9000000e+00		6.1140397e-01		3.8459125e-04
1.9200000e+00		6.0608796e-01		3.9112145e-04
1.9400000e+00		6.0079412e-01		3.9761726e-04
1.9600000e+00		5.9552314e-01		4.0407675e-04
1.9800000e+00		5.9027567e-01		4.1049804e-04
2.0000000e+00		5.8505232e-01		4.1687936e-04
2.0200000e+00		5.7985369e-01		4.2321898e-04
2.0400000e+00		5.7468033e-01		4.2951528e-04
2.0600000e+00		5.6953277e-01		4.3576669e-04
2.0800000e+00		5.6441153e-01		4.4197171e-04
2.1000000e+00		5.5931708e-01		4.4812895e-04
2.1200000e+00		5.5424987e-01		4.5423704e-04
2.1400000e+00		5.4921034e-01		4.6029473e-04
2.1600000e+00		5.4419889e-01		4.6630080e-04
2.1800000e+00		5.3921590e-01		4.7225411e-04
2.2000000e+00		5.3426172e-01		4.7815360e-04
2.2200000e+00		5.2933669e-01		4.8399827e-04
2.2400000e+00		5.2444113e-01		4.8978717e-04
2.2600000e+00		5.1957531e-01		4.9551942e-04
2.2800000e+00		5.1473952e-01		5.0119421e-04
2.3000000e+00		5.0993399e-01		5.0681079e-04
2.3200000e+00		5.0515897e-01		5.1236845e-04
2.3400000e+00		5.0041466e-01		5.1786656e-04
2.3600000e+00		4.9570126e-01		5.2330452e-04
2.3800000e+00		4.9101893e-01		5.2868182e-04
2.4000000e+00		4.8636785e-01		5.3399796e-04
2.4200000e+00		4.8174814e-01		5.3925252e-04
2.4400000e+00		4.7715993e-01		5.4444512e-04
2.4600000e+00		4.7260333e-01		5.4957543e-04
2.4800000e+00		4.6807844e-01		5.5464317e-04
2.5000000e+00		4.6358533e-01		5.5964809e-04
2.5200000e+00		4.5912407e-01		5.6459001e-04
2.5400000e+00		4.5469471e-01		5.6946877e-04
2.5600000e+00		4.5029728e-01		5.7428425e-04
2.5800000e+00		4.4593183e-01		5.7903638e-04
2.6000000e+00		4.4159834e-01		5.8372513e-04
2.6200000e+00		4.3729684e-01		5.8835049e-04
2.6400000e+00		4.3302730e-01		5.9291251e-04
2.6600000e+00		4.2878971e-01		5.9741124e-04
2.6800000e+00		4.2458404e-01		6.0184681e-04
2.7000000e+00		4.2041025e-01		6.0621932e-04
2.7200000e+00		4.1626828e-01		6.1052896e-04
2.7400000e+00		4.1215807e-01		6.1477590e-04
2.7600000e+00		4.0807956e-01		6.1896038e-04
2.7800000e+00		4.0403267e-01		6.2308262e-04
2.8000000e+00		4.0001732e-01		6.2714291e-04
2.8200000e+00		3.9603340e-01		6.3114154e-04
2.8400000e+00		3.9208083e-01		6.3507882e-04
2.8600000e+00		3.8815948e-01		6.3895509e-04
2.8800000e+00		3.8426926e-01		6.4277071e-04
2.9000000e+00		3.8041003e-01		6.4652606e-04
2.9200000e+00		3.7658167e-01		6.5022153e-04
2.9400000e+00		3.7278405e-01		6.5385754e-04
2.9600000e+00		3.6901703e-01		6.5743451e-04
2.9800000e+00		3.6528046e-01		6.6095290e-04
3.0000000e+00		3.6157420e-01		6.6441317e-04
3.0200000e+00		3.5789809e-01		6.6781578e-04
3.0400000e+00		3.5425198e-01		6.7116123e-04
3.0600000e+00		3.5063570e-01		6.7445001e-04
3.0800000e+00		3.4704909e-01		6.7768265e-04
3.1000000e+00		3.4349197e-01		6.8085965e-04
3.1200000e+00		3.3996418e-01		6.8398155e-04
3.1400000e+00		3.3646553e-01		6.8704889e-04
3.1600000e+00		3.3299585e-01		6.9006222e-04
3.1800000e+00		3.2955496e-01		6.9302210e-04
3.2000000e+00		3.2614266e-01		6.9592909e-04
3.2200000e+00		3.2275878e-01		6.9878376e-04
3.2400000e+00		3.1940311e-01		7.0158668e-04
3.2600000e+00		3.1607547e-01		7.0433844e-04
3.2800000e+00		3.1277566e-01		7.0703963e-04
3.3000000e+00		3.0950349e-01		7.0969082e-04
3.3200000e+00		3.0625876e-01		7.1229263e-04
3.3400000e+00		3.0304127e-01		7.1484564e-04
3.3600000e+00		2.9985081e-01		7.1735045e-04
3.3800000e+00		2.9668718e-01		7.1980767e-04
3.4000000e+00		2.9355019e-01		7.2221789e-04
3.4200000e+00		2.9043962e-01		7.2458173e-04
3.4400000e+00		2.8735528e-01		7.2689979e-04
3.4600000e+00		2.8429695e-01		7.2917268e-04
3.4800000e+00		2.8126442e-01		7.3140099e-04
3.5000000e+00		2.7825750e-01		7.3358535e-04
3.5200000e+00		2.7527597e-01		7.3572634e-04
3.5400000e+00		2.7231963e-01		7.3782459e-04
3.5600000e+00		2.6938826e-01		7.3988068e-04
3.5800000e+00		2.6648166e-01		7.4189523e-04
3.6000000e+00		2.6359962e-01		7.4386883e-04
3.6200000e+00		2.6074193e-01		7.4580209e-04
3.6400000e+00		2.5790839e-01		7.4769559e-04
3.6600000e+00		2.5509878e-01		7.4954994e-04
3.6800000e+00		2.5231289e-01		7.5136572e-04
3.7000000e+00		2.4955053e-01		7.5314352e-04
3.7200000e+00		2.4681148e-01		7.5488392e-04
3.7400000e+00		2.4409553e-01		7.5658751e-04
3.7600000e+00		2.4140249e-01		7.5825487e-04
3.7800000e+00		2.3873214e-01		7.5988656e-04
3.8000000e+00		2.3608429e-01		7.6148316e-04
3.8200000e+00		2.3345871e-01		7.6304523e-04
3.8400000e+00		2.3085523e-01		7.6457334e-04
3.8600000e+00		2.2827362e-01		7.6606805e-04
3.8800000e+00		2.2571369e-01		7.6752990e-04
3.9000000e+00		2.2317524e-01		7.6895944e-04
3.9200000e+00		2.2065807e-01		7.7035723e-04
3.9400000e+00		2.1816199e-01		7.7172380e-04
3.9600000e+00		2.1568678e-01		7.7305967e-04
3.9800000e+00		2.1323226e-01		7.7436540e-04
4.0000000e+00		2.1079823e-01		7.7564148e-04
4.0200000e+00		2.0838450e-01		7.7688846e-04
4.0400000e+00		2.0599087e-01		7.7810683e-04
4.0600000e+00		2.0361716e-01		7.7929712e-04
4.0800000e+00		2.0126316e-01		7.8045981e-04
4.1000000e+00		1.9892870e-01		7.8159542e-04
4.1200000e+00		1.9661358e-01		7.8270443e-04
4.1400000e+00		1.9431761e-01		7.8378734e-04
4.1600000e+00		1.9204061e-01		7.8484461e-04
4.1800000e+00		1.8978240e-01		7.8587674e-04
4.2000000e+00		1.8754280e-01		7.8688419e-04
4.2200000e+00		1.8532161e-01		7.8786742e-04
4.2400000e+00		1.8311866e-01		7.8882691e-04
4.2600000e+00		1.8093378e-01		7.8976309e-04
4.2800000e+00		1.7876678e-01		7.9067642e-04
4.3000000e+00		1.7661748e-01		7.9156735e-04
4.3200000e+00		1.7448572e-01		7.9243631e-04
4.3400000e+00		1.7237132e-01		7.9328373e-04
4.3600000e+00		1.7027410e-01		7.9411003e-04
4.3800000e+00		1.6819390e-01		7.9491566e-04
4.4000000e+00		1.6613055e-01		7.9570100e-04
4.4200000e+00		1.6408387e-01		7.9646648e-04
4.4400000e+00		1.6205371e-01		7.9721251e-04
4.4600000e+00		1.6003990e-01		7.9793947e-04
4.4800000e+00		1.5804227e-01		7.9864776e-04
4.5000000e+00		1.5606067e-01		7.9933778e-04
4.5200000e+00		1.5409493e-01		8.0000990e-04
4.5400000e+00		1.5214489e-01		8.0066449e-04
4.5600000e+00		1.5021039e-01		8.0130194e-04
4.5800000e+00		1.4829129e-01		8.0192261e-04
4.6000000e+00		1.4638742e-01		8.0252685e-04
4.6200000e+00		1.4449863e-01		8.0311503e-04
4.6400000e+00		1.4262477e-01		8.0368750e-04
4.6600000e+00		1.4076569e-01		8.0424459e-04
4.6800000e+00		1.3892124e-01		8.0478665e-04
4.7000000e+00		1.3709126e-01		8.0531402e-04
4.7200000e+00		1.3527563e-01		8.0582702e-04
4.7400000e+00		1.3347419e-01		8.0632598e-04
4.7600000e+00		1.3168679e-01		8.0681122e-04
4.7800000e+00		1.2991330e-01		8.0728304e-04
4.8000000e+00		1.2815358e-01		8.0774177e-04
4.8200000e+00		1.2640748e-01		8.0818771e-04
4.8400000e+00		1.2467487e-01		8.0862115e-04
4.8600000e+00		1.2295561e-01		8.0904239e-04
4.8800000e+00		1.2124957e-01		8.0945172e-04
4.9000000e+00		1.1955661e-01		8.0984942e-04
4.9200000e+00		1.1787660e-01		8.1023578e-04
4.9400000e+00		1.1620941e-01		8.1061107e-04
4.9600000e+00		1.1455491e-01		8.1097556e-04
4.9800000e+00		1.1291298e-01		8.1132952e-04
5.0000000e+00		1.1128348e-01		8.1167321e-04
5.0200000e+00		1.0966628e-01		8.1200689e-04
5.0400000e+00		1.0806128e-01		8.1233081e-04
5.0600000e+00		1.0646833e-01		8.1264522e-04
5.0800000e+00		1.0488733e-01		8.1295036e-04
5.1000000e+00		1.0331814e-01		8.1324647e-04
5.1200000e+00		1.0176066e-01		8.1353379e-04
5.1400000e+00		1.0021476e-01		8.1381255e-04
5.1600000e+00		9.8680323e-02		8.1408298e-04
5.1800000e+00		9.7157239e-02		8.1434530e-04
5.2000000e+00		9.5645390e-02		8.1459972e-04
5.2200000e+00		9.4144666e-02		8.1484647e-04
5.2400000e+00		9.2654953e-02		8.1508576e-04
5.2600000e+00		9.1176141e-02		8.1531778e-04
5.2800000e+00		8.9708120e-02		8.1554275e-04
5.3000000e+00		8.8250783e-02		8.1576086e-04
5.3200000e+00		8.6804023e-02		8.1597231e-04
5.3400000e+00		8.5367734e-02		8.1617729e-04
5.3600000e+00		8.3941810e-02		8.1637598e-04
5.3800000e+00		8.2526149e-02		8.1656858e-04
5.4000000e+00		8.1120647e-02		8.1675526e-04
5.4200000e+00		7.9725205e-02		8.1693619e-04
5.4400000e+00		7.8339721e-02		8.1711156e-04
5.4600000e+00		7.6964096e-02		8.1728152e-04
5.4800000e+00		7.5598232e-02		8.1744625e-04
5.5000000e+00		7.4242033e-02		8.1760591e-04
5.5200000e+00		7.2895403e-02		8.1776066e-04
5.5400000e+00		7.1558246e-02		8.1791066e-04
5.5600000e+00		7.0230469e-02		8.1805604e-04
5.5800000e+00		6.8911980e-02		8.1819698e-04
5.6000000e+00		6.7602687e-02		8.1833360e-04
5.6200000e+00		6.6302498e-02		8.1846606e-04
5.6400000e+00		6.5011325e-02		8.1859449e-04
5.6600000e+00		6.3729078e-02		8.1871903e-04
5.6800000e+00		6.2455671e-02		8.1883981e-04
5.7000000e+00		6.1191016e-02		8.1895697e-04
5.7200000e+00		5.9935028e-02		8.1907062e-04
5.7400000e+00		5.8687622e-02		8.1918090e-04
5.7600000e+00		5.7448714e-02		8.1928793e-04
5.7800000e+00		5.6218221e-02		8.1939182e-04
5.8000000e+00		5.4996062e-02		8.1949269e-04
5.8200000e+00		5.3782155e-02		8.1959065e-04
5.8400000e+00		5.2576420e-02		8.1968581e-04
5.8600000e+00		5.1378779e-02		8.1977828e-04
5.8800000e+00		5.0189152e-02		8.1986816e-04
5.9000000e+00		4.9007463e-02		8.1995556e-04
5.9200000e+00		4.7833635e-02		8.2004057e-04
5.9400000e+00		4.6667592e-02		8.2012329e-04
5.9600000e+00		4.5509259e-02		8.2020381e-04
5.9800000e+00		4.4358564e-02		8.2028223e-04
6.0000000e+00		4.3215431e-02		8.2035862e-04
6.0200000e+00		4.2079790e-02		8.2043309e-04
6.0400000e+00		4.0951568e-02		8.2050571e-04
6.0600000e+00		3.9830695e-02		8.2057656e-04
6.0800000e+00		3.8717101e-02		8.2064572e-04
6.1000000e+00		3.7610718e-02		8.2071326e-04
6.1200000e+00		3.6511476e-02		8.2077927e-04
6.1400000e+00		3.5419308e-02		8.2084381e-04
6.1600000e+00		3.4334148e-02		8.2090696e-04
6.1800000e+00		3.3255930e-02		8.2096877e-04
6.2000000e+00		3.2184587e-02		8.2102931e-04
6.2200000e+00		3.1120057e-02		8.2108865e-04
6.2400000e+00		3.0062275e-02		8.2114685e-04
6.2600000e+00		2.9011178e-02		8.2120395e-04
6.2800000e+00		2.7966704e-02		8.2126003e-04
6.3000000e+00		2.6928792e-02		8.2131513e-04
6.3200000e+00		2.5897379e-02		8.2136931e-04
6.3400000e+00		2.4872407e-02		8.2142261e-04
6.3600000e+00		2.3853816e-02		8.2147508e-04
6.3800000e+00		2.2841546e-02		8.2152677e-04
6.4000000e+00		2.1835541e-02		8.2157771e-04
6.4200000e+00		2.0835741e-02		8.2162796e-04
6.4400000e+00		1.9842091e-02		8.2167756e-04
6.4600000e+00		1.8854535e-02		8.2172653e-04
6.4800000e+00		1.7873016e-02		8.2177491e-04
6.5000000e+00		1.6897481e-02		8.2182275e-04
6.5200000e+00		1.5927874e-02		8.2187007e-04
6.5400000e+00		1.4964142e-02		8.2191689e-04
6.5600000e+00		1.4006232e-02		8.2196326e-04
6.5800000e+00		1.3054092e-02		8.2200919e-04
6.6000000e+00		1.2107670e-02		8.2205471e-04
6.6200000e+00		1.1166914e-02		8.2209984e-04
6.6400000e+00		1.0231774e-02		8.2214461e-04
6.6600000e+00		9.3022008e-03		8.2218903e-04
6.6800000e+00		8.3781437e-03		8.2223313e-04
6.7000000e+00		7.4595542e-03		8.2227691e-04
6.7200000e+00		6.5463840e-03		8.2232039e-04
6.7400000e+00		5.6385854e-03		8.2236359e-04
6.7600000e+00		4.7361110e-03		8.2240652e-04
6.7800000e+00		3.8389142e-03		8.2244918e-04
6.8000000e+00		2.9469489e-03		8.2249158e-04
6.8200000e+00		2.0601695e-03		8.2253374e-04
6.8400000e+00		1.1785308e-03		8.2257565e-04
6.8600000e+00		3.0198822e-04		8.2261732e-04
6.8800000e+00		-5.6950221e-04		8.2265875e-04
6.9000000e+00		-1.4359841e-03		8.2269994e-04
6.9200000e+00		-2.2975004e-03		8.2274089e-04
6.9400000e+00		-3.1540938e-03		8.2278160e-04
6.9600000e+00		-4.0058062e-03		8.2282206e-04
6.9800000e+00		-4.8526794e-03		8.2286226e-04
7.0000000e+00		-5.6947543e-03		8.2290221e-04
7.0200000e+00		-6.5320717e-03		8.2294189e-04
7.0400000e+00		-7.3646716e-03		8.2298130e-04
7.0600000e+00		-8.1925937e-03		8.2302041e-04
7.0800000e+00		-9.0158774e-03		8.2305923e-04
7.1000000e+00		-9.8345613e-03		8.2309773e-04
7.1200000e+00		-1.0648684e-02		8.2313590e-04
7.1400000e+00		-1.1458283e-02		8.2317372e-04
7.1600000e+00		-1.2263396e-02		8.2321118e-04
7.1800000e+00		-1.3064060e-02		8.2324826e-04
7.2000000e+00		-1.3860311e-02		8.2328493e-04
7.2200000e+00		-1.4652187e-02		8.2332118e-04
7.2400000e+00		-1.5439721e-02		8.2335699e-04
7.2600000e+00		-1.6222951e-02		8.2339232e-04
7.2800000e+00		-1.7001910e-02		8.2342716e-04
7.3000000e+00		-1.7776634e-02		8.2346147e-04
7.3200000e+00		-1.8547156e-02		8.2349523e-04
7.3400000e+00		-1.9313510e-02		8.2352842e-04
7.3600000e+00		-2.0075730e-02		8.2356099e-04
7.3800000e+00		-2.0833848e-02		8.2359293e-04
7.4000000e+00		-2.1587898e-02		8.2362419e-04
7.4200000e+00		-2.2337910e-02		8.2365475e-04
7.4400000e+00		-2.3083918e-02		8.2368457e-04
7.4600000e+00		-2.3825952e-02		8.2371361e-04
7.4800000e+00		-2.4564043e-02		8.2374184e-04
7.5000000e+00		-2.5298223e-02		8.2376922e-04
7.5200000e+00		-2.6028522e-02		8.2379571e-04
7.5400000e+00		-2.6754969e-02		8.2382127e-04
7.5600000e+00		-2.7477595e-02		8.2384587e-04
7.5800000e+00		-2.8196428e-02		8.2386945e-04
7.6000000e+00		-2.8911499e-02		8.2389198e-04
7.6200000e+00		-2.9622834e-02		8.2391340e-04
7.6400000e+00		-3.0330463e-02		8.2393369e-04
7.6600000e+00		-3.1034414e-02		8.2395278e-04
7.6800000e+00		-3.1734715e-02		8.2397064e-04
7.7000000e+00		-3.2431392e-02		8.2398721e-04
7.7200000e+00		-3.3124472e-02		8.2400245e-04
7.7400000e+00		-3.3813983e-02		8.2401631e-04
7.7600000e+00		-3.4499951e-02		8.2402873e-04
7.7800000e+00		-3.5182401e-02		8.2403967e-04
7.8000000e+00		-3.5861361e-02		8.2404906e-04
7.8200000e+00		-3.6536854e-02		8.2405687e-04
7.8400000e+00		-3.7208907e-02		8.2406303e-04
7.8600000e+00		-3.7877544e-02		8.2406748e-04
7.8800000e+00		-3.8542790e-02		8.2407018e-04
7.9000000e+00		-3.9204669e-02		8.2407106e-04
7.9200000e+00		-3.9863205e-02		8.2407007e-04
7.9400000e+00		-4.0518422e-02		8.2406714e-04
7.9600000e+00		-4.1170343e-02		8.2406222e-04
7.9800000e+00		-4.1818992e-02		8.2405525e-04
8.0000000e+00		-4.2464392e-02		8.2404616e-04
8.0200000e+00		-4.3106565e-02		8.2403490e-04
8.0400000e+00		-4.3745533e-02		8.2402140e-04
8.0600000e+00		-4.4381319e-02		8.2400559e-04
8.0800000e+00		-4.5013944e-02		8.2398742e-04
8.1000000e+00		-4.5643430e-02		8.2396681e-04
8.1200000e+00		-4.6269799e-02		8.2394370e-04
8.1400000e+00		-4.6893072e-02		8.2391802e-04
8.1600000e+00		-4.7513269e-02		8.2388971e-04
8.1800000e+00		-4.8130411e-02		8.2385870e-04
8.2000000e+00		-4.8744519e-02		8.2382491e-04
8.2200000e+00		-4.9355612e-02		8.2378828e-04
8.2400000e+00		-4.9963710e-02		8.2374874e-04
8.2600000e+00		-5.0568834e-02		8.2370622e-04
8.2800000e+00		-5.1171002e-02		8.2366063e-04
8.3000000e+00		-5.1770234e-02		8.2361192e-04
8.3200000e+00		-5.2366549e-02		8.2356000e-04
8.3400000e+00		-5.2959965e-02		8.2350481e-04
8.3600000e+00		-5.3550500e-02		8.2344626e-04
8.3800000e+00		-5.4138175e-02		8.2338429e-04
8.4000000e+00		-5.4723005e-02		8.2331881e-04
8.4200000e+00		-5.5305010e-02		8.2324976e-04
8.4400000e+00		-5.5884206e-02		8.2317704e-04
8.4600000e+00		-5.6460612e-02		8.2310059e-04
8.4800000e+00		-5.7034244e-02		8.2302032e-04
8.5000000e+00		-5.7605120e-02		8.2293616e-04
8.5200000e+00		-5.8173256e-02		8.2284802e-04
8.5400000e+00		-5.8738669e-02		8.2275583e-04
8.5600000e+00		-5.9301376e-02		8.2265950e-04
8.5800000e+00		-5.9861392e-02		8.2255895e-04
8.6000000e+00		-6.0418734e-02		8.2245411e-04
8.6200000e+00		-6.0973418e-02		8.2234488e-04
8.6400000e+00		-6.1525459e-02		8.2223118e-04
8.6600000e+00		-6.2074872e-02		8.2211293e-04
8.6800000e+00		-6.2621673e-02		8.2199005e-04
8.7000000e+00		-6.3165878e-02		8.2186244e-04
8.7200000e+00		-6.3707500e-02		8.2173003e-04
8.7400000e+00		-6.4246556e-02		8.2159273e-04
8.7600000e+00		-6.4783058e-02		8.2145045e-04
8.7800000e+00		-6.5317022e-02		8.2130310e-04
8.8000000e+00		-6.5848462e-02		8.2115059e-04
8.8200000e+00		-6.6377392e-02		8.2099285e-04
8.8400000e+00		-6.6903826e-02		8.2082977e-04
8.8600000e+00		-6.7427778e-02		8.2066128e-04
8.8800000e+00		-6.7949260e-02		8.2048727e-04
8.9000000e+00		-6.8468287e-02		8.2030766e-04
8.9200000e+00		-6.8984871e-02		8.2012236e-04
8.9400000e+00		-6.9499026e-02		8.1993129e-04
8.9600000e+00		-7.0010765e-02		8.1973433e-04
8.9800000e+00		-7.0520100e-02		8.1953142e-04
9.0000000e+00		-7.1027044e-02		8.1932244e-04
9.0200000e+00		-7.1531609e-02		8.1910732e-04
9.0400000e+00		-7.2033808e-02		8.1888595e-04
9.0600000e+00		-7.2533653e-02		8.1865825e-04
9.0800000e+00		-7.3031155e-02		8.1842412e-04
9.1000000e+00		-7.3526327e-02		8.1818346e-04
9.1200000e+00		-7.4019180e-02		8.1793619e-04
9.1400000e+00		-7.4509726e-02		8.1768220e-04
9.1600000e+00		-7.4997976e-02		8.1742140e-04
9.1800000e+00		-7.5483941e-02		8.1715369e-04
9.2000000e+00		-7.5967633e-02		8.1687898e-04
9.2200000e+00		-7.6449063e-02		8.1659718e-04
9.2400000e+00		-7.6928241e-02		8.1630818e-04
9.2600000e+00		-7.7405178e-02		8.1601189e-04
9.2800000e+00		-7.7879885e-02		8.1570822e-04
9.3000000e+00		-7.8352372e-02		8.1539705e-04
9.3200000e+00		-7.8822650e-02		8.1507830e-04
9.3400000e+00		-7.9290728e-02		8.1475187e-04
9.3600000e+00		-7.9756617e-02		8.1441766e-04
9.3800000e+00		-8.0220326e-02		8.1407557e-04
9.4000000e+00		-8.0681867e-02		8.1372550e-04
9.4200000e+00		-8.1141247e-02		8.1336735e-04
9.4400000e+00		-8.1598477e-02		8.1300102e-04
9.4600000e+00		-8.2053567e-02		8.1262642e-04
9.4800000e+00		-8.2506525e-02		8.1224344e-04
9.5000000e+00		-8.2957361e-02		8.1185198e-04
9.5200000e+00		-8.3406084e-02		8.1145195e-04
9.5400000e+00		-8.3852703e-02		8.1104323e-04
9.5600000e+00		-8.4297227e-02		8.1062574e-04
9.5800000e+00		-8.4739664e-02		8.1019937e-04
9.6000000e+00		-8.5180024e-02		8.0976401e-04
9.6200000e+00		-8.5618314e-02		8.0931958e-04
9.6400000e+00		-8.6054544e-02		8.0886595e-04
9.6600000e+00		-8.6488722e-02		8.0840305e-04
9.6800000e+00		-8.6920855e-02		8.0793075e-04
9.7000000e+00		-8.7350952e-02		8.0744897e-04
9.7200000e+00		-8.7779022e-02		8.0695759e-04
9.7400000e+00		-8.8205071e-02		8.0645652e-04
9.7600000e+00		-8.8629108e-02		8.0594566e-04
9.7800000e+00		-8.9051140e-02		8.0542489e-04
9.8000000e+00		-8.9471176e-02		8.0489413e-04
9.8200000e+00		-8.9889223e-02		8.0435326e-04
9.8400000e+00		-9.0305287e-02		8.0380219e-04
9.8600000e+00		-9.0719377e-02		8.0324080e-04
9.8800000e+00		-9.1131500e-02		8.0266901e-04
9.9000000e+00		-9.1541663e-02		8.0208670e-04
9.9200000e+00		-9.1949872e-02		8.0149377e-04
9.9400000e+00		-9.2356136e-02		8.0089013e-04
9.9600000e+00		-9.2760460e-02		8.0027566e-04
9.9800000e+00		-9.3162852e-02		7.9965026e-04
1.0000000e+01		-9.3563319e-02		7.9901384e-04
1.0020000e+01		-9.3961866e-02		7.9836629e-04
1.0040000e+01		-9.4358501e-02		7.9770750e-04
1.0060000e+01		-9.4753230e-02		7.9703737e-04
1.0080000e+01		-9.5146060e-02		7.9635580e-04
1.0100000e+01		-9.5536996e-02		7.9566269e-04
1.0120000e+01		-9.5926045e-02		7.9495793e-04
1.0140000e+01		-9.6313213e-02		7.9424143e-04
1.0160000e+01		-9.6698506e-02		7.9351307e-04
1.0180000e+01		-9.7081930e-02		7.9277276e-04
1.0200000e+01		-9.7463491e-02		7.9202040e-04
1.0220000e+01		-9.7843195e-02		7.9125587e-04
1.0240000e+01		-9.8221048e-02		7.9047909e-04
1.0260000e+01		-9.8597055e-02		7.8968994e-04
1.0280000e+01		-9.8971222e-02		7.8888832e-04
1.0300000e+01		-9.9343554e-02		7.8807414e-04
1.0320000e+01		-9.9714057e-02		7.8724729e-04
1.0340000e+01		-1.0008274e-01		7.8640767e-04
1.0360000e+01		-1.0044960e-01		7.8555518e-04
1.0380000e+01		-1.0081465e-01		7.8468971e-04
1.0400000e+01		-1.0117789e-01		7.8381117e-04
1.0420000e+01		-1.0153932e-01		7.8291945e-04
1.0440000e+01		-1.0189896e-01		7.8201446e-04
1.0460000e+01		-1.0225681e-01		7.8109609e-04
1.0480000e+01		-1.0261287e-01		7.8016425e-04
1.0500000e+01		-1.0296715e-01		7.7921882e-04
1.0520000e+01		-1.0331964e-01		7.7825972e-04
1.0540000e+01		-1.0367037e-01		7.7728684e-04
1.0560000e+01		-1.0401932e-01		7.7630009e-04
1.0580000e+01		-1.0436652e-01		7.7529936e-04
1.0600000e+01		-1.0471195e-01		7.7428455e-04
1.0620000e+01		-1.0505563e-01		7.7325557e-04
1.0640000e+01		-1.0539755e-01		7.7221232e-04
1.0660000e+01		-1.0573774e-01		7.7115470e-04
1.0680000e+01		-1.0607618e-01		7.7008262e-04
1.0700000e+01		-1.0641288e-01		7.6899597e-04
1.0720000e+01		-1.0674785e-01		7.6789465e-04
1.0740000e+01		-1.0708109e-01		7.6677858e-04
1.0760000e+01		-1.0741260e-01		7.6564766e-04
1.0780000e+01		-1.0774239e-01		7.6450178e-04
1.0800000e+01		-1.0807047e-01		7.6334085e-04
1.0820000e+01		-1.0839684e-01		7.6216479e-04
1.0840000e+01		-1.0872149e-01		7.6097348e-04
1.0860000e+01		-1.0904444e-01		7.5976685e-04
1.0880000e+01		-1.0936569e-01		7.5854479e-04
1.0900000e+01		-1.0968524e-01		7.5730720e-04
1.0920000e+01		-1.1000310e-01		7.5605401e-04
1.0940000e+01		-1.1031927e-01		7.5478511e-04
1.0960000e+01		-1.1063375e-01		7.5350040e-04
1.0980000e+01		-1.1094655e-01		7.5219981e-04
1.1000000e+01		-1.1125767e-01		7.5088324e-04
1.1020000e+01		-1.1156712e-01		7.4955059e-04
1.1040000e+01		-1.1187489e-01		7.4820178e-04
1.1060000e+01		-1.1218099e-01		7.4683671e-04
1.1080000e+01		-1.1248543e-01		7.4545530e-04
1.1100000e+01		-1.1278821e-01		7.4405745e-04
1.1120000e+01		-1.1308932e-01		7.4264308e-04
1.1140000e+01		-1.1338879e-01		7.4121210e-04
1.1160000e+01		-1.1368660e-01		7.3976442e-04
1.1180000e+01		-1.1398276e-01		7.3829996e-04
1.1200000e+01		-1.1427727e-01		7.3681862e-04
1.1220000e+01		-1.1457014e-01		7.3532033e-04
1.1240000e+01		-1.1486138e-01		7.3380499e-04
1.1260000e+01		-1.1515097e-01		7.3227252e-04
1.1280000e+01		-1.1543894e-01		7.3072284e-04
1.1300000e+01		-1.1572527e-01		7.2915586e-04
1.1320000e+01		-1.1600997e-01		7.2757149e-04
1.1340000e+01		-1.1629305e-01		7.2596967e-04
1.1360000e+01		-1.1657451e-01		7.2435030e-04
1.1380000e+01		-1.1685435e-01		7.2271331e-04
1.1400000e+01		-1.1713257e-01		7.2105860e-04
1.1420000e+01		-1.1740918e-01		7.1938611e-04
1.1440000e+01		-1.1768418e-01		7.1769575e-04
1.1460000e+01		-1.1795757e-01		7.1598745e-04
1.1480000e+01		-1.1822935e-01		7.1426112e-04
1.1500000e+01		-1.1849953e-01		7.1251669e-04
1.1520000e+01		-1.1876812e-01		7.1075409e-04
1.1540000e+01		-1.1903510e-01		7.0897322e-04
1.1560000e+01		-1.1930049e-01		7.0717403e-04
1.1580000e+01		-1.1956429e-01		7.0535644e-04
1.1600000e+01		-1.1982650e-01		7.0352036e-04
1.1620000e+01		-1.2008712e-01		7.0166573e-04
1.1640000e+01		-1.2034616e-01		6.9979248e-04
1.1660000e+01		-1.2060361e-01		6.9790054e-04
1.1680000e+01		-1.2085949e-01		6.9598982e-04
1.1700000e+01		-1.2111379e-01		6.9406027e-04
1.1720000e+01		-1.2136651e-01		6.9211181e-04
1.1740000e+01		-1.2161766e-01		6.9014437e-04
1.1760000e+01		-1.2186724e-01		6.8815790e-04
1.1780000e+01		-1.2211525e-01		6.8615231e-04
1.1800000e+01		-1.2236170e-01		6.8412754e-04
1.1820000e+01		-1.2260658e-01		6.8208353e-04
1.1840000e+01		-1.2284990e-01		6.8002021e-04
1.1860000e+01		-1.2309167e-01		6.7793752e-04
1.1880000e+01		-1.2333187e-01		6.7583539e-04
1.1900000e+01		-1.2357053e-01		6.7371377e-04
1.1920000e+01		-1.2380763e-01		6.7157259e-04
1.1940000e+01		-1.2404318e-01		6.6941179e-04
1.1960000e+01		-1.2427718e-01		6.6723131e-04
1.1980000e+01		-1.2450964e-01		6.6503109e-04
1.2000000e+01		-1.2474055e-01		6.6281108e-04
1.2020000e+01		-1.2496992e-01		6.6057121e-04
1.2040000e+01		-1.2519775e-01		6.5831144e-04
1.2060000e+01		-1.2542405e-01		6.5603170e-04
1.2080000e+01		-1.2564881e-01		6.5373194e-04
1.2100000e+01		-1.2587204e-01		6.5141210e-04
1.2120000e+01		-1.2609373e-01		6.4907215e-04
1.2140000e+01		-1.2631390e-01		6.4671201e-04
1.2160000e+01		-1.2653254e-01		6.4433165e-04
1.2180000e+01		-1.2674965e-01		6.4193101e-04
1.2200000e+01		-1.2696525e-01		6.3951004e-04
1.2220000e+01		-1.2717932e-01		6.3706870e-04
1.2240000e+01		-1.2739187e-01		6.3460694e-04
1.2260000e+01		-1.2760290e-01		6.3212471e-04
1.2280000e+01		-1.2781242e-01		6.2962196e-04
1.2300000e+01		-1.2802043e-01		6.2709866e-04
1.2320000e+01		-1.2822692e-01		6.2455476e-04
1.2340000e+01		-1.2843191e-01		6.2199022e-04
1.2360000e+01		-1.2863539e-01		6.1940500e-04
1.2380000e+01		-1.2883736e-01		6.1679905e-04
1.2400000e+01		-1.2903783e-01		6.1417234e-04
1.2420000e+01		-1.2923680e-01		6.1152482e-04
1.2440000e+01		-1.2943426e-01		6.0885648e-04
1.2460000e+01		-1.2963023e-01		6.0616725e-04
1.2480000e+01		-1.2982470e-01		6.0345712e-04
1.2500000e+01		-1.3001768e-01		6.0072605e-04
1.2520000e+01		-1.3020917e-01		5.9797399e-04
1.2540000e+01		-1.3039917e-01		5.9520094e-04
1.2560000e+01		-1.3058767e-01		5.9240684e-04
1.2580000e+01		-1.3077469e-01		5.8959167e-04
1.2600000e+01		-1.3096023e-01		5.8675541e-04
1.2620000e+01		-1.3114428e-01		5.8389802e-04
1.2640000e+01		-1.3132685e-01		5.8101948e-04
1.2660000e+01		-1.3150794e-01		5.7811976e-04
1.2680000e+01		-1.3168755e-01		5.7519884e-04
1.2700000e+01		-1.3186569e-01		5.7225670e-04
1.2720000e+01		-1.3204235e-01		5.6929330e-04
1.2740000e+01		-1.3221754e-01		5.6630864e-04
1.2760000e+01		-1.3239126e-01		5.6330269e-04
1.2780000e+01		-1.3256351e-01		5.6027543e-04
1.2800000e+01		-1.3273430e-01		5.5722685e-04
1.2820000e+01		-1.3290362e-01		5.5415692e-04
1.2840000e+01		-1.3307147e-01		5.5106563e-04
1.2860000e+01		-1.3323787e-01		5.4795297e-04
1.2880000e+01		-1.3340281e-01		5.4481892e-04
1.2900000e+01		-1.3356628e-01		5.4166347e-04
1.2920000e+01		-1.3372830e-01		5.3848662e-04
1.2940000e+01		-1.3388887e-01		5.3528834e-04
1.2960000e+01		-1.3404799e-01		5.3206863e-04
1.2980000e+01		-1.3420565e-01		5.2882748e-04
1.3000000e+01		-1.3436187e-01		5.2556489e-04
1.3020000e+01		-1.3451664e-01		5.2228085e-04
1.3040000e+01		-1.3466996e-01		5.1897535e-04
1.3060000e+01		-1.3482184e-01		5.1564840e-04
1.3080000e+01		-1.3497228e-01		5.1229999e-04
1.3100000e+01		-1.3512128e-01		5.0893011e-04
1.3120000e+01		-1.3526884e-01		5.0553878e-04
1.3140000e+01		-1.3541497e-01		5.0212598e-04
1.3160000e+01		-1.3555966e-01		4.9869173e-04
1.3180000e+01		-1.3570292e-01		4.9523602e-04
1.3200000e+01		-1.3584475e-01		4.9175887e-04
1.3220000e+01		-1.3598515e-01		4.8826027e-04
1.3240000e+01		-1.3612413e-01		4.8474023e-04
1.3260000e+01		-1.3626168e-01		4.8119877e-04
1.3280000e+01		-1.3639780e-01		4.7763589e-04
1.3300000e+01		-1.3653251e-01		4.7405160e-04
1.3320000e+01		-1.3666580e-01		4.7044592e-04
1.3340000e+01		-1.3679767e-01		4.6681885e-04
1.3360000e+01		-1.3692812e-01		4.6317041e-04
1.3380000e+01		-1.3705716e-01		4.5950062e-04
1.3400000e+01		-1.3718479e-01		4.5580949e-04
1.3420000e+01		-1.3731101e-01		4.5209705e-04
1.3440000e+01		-1.3743582e-01		4.4836330e-04
1.3460000e+01		-1.3755922e-01		4.4460827e-04
1.3480000e+01		-1.3768123e-01		4.4083198e-04
1.3500000e+01		-1.3780183e-01		4.3703445e-04
1.3520000e+01		-1.3792103e-01		4.3321571e-04
1.3540000e+01		-1.3803883e-01		4.2937578e-04
1.3560000e+01		-1.3815523e-01		4.2551468e-04
1.3580000e+01		-1.3827024e-01		4.2163245e-04
1.3600000e+01		-1.3838386e-01		4.1772911e-04
1.3620000e+01		-1.3849609e-01		4.1380469e-04
1.3640000e+01		-1.3860693e-01		4.0985922e-04
1.3660000e+01		-1.3871639e-01		4.0589274e-04
1.3680000e+01		-1.3882446e-01		4.0190527e-04
1.3700000e+01		-1.3893115e-01		3.9789685e-04
1.3720000e+01		-1.3903646e-01		3.9386751e-04
1.3740000e+01		-1.3914039e-01		3.8981730e-04
1.3760000e+01		-1.3924294e-01		3.8574624e-04
1.3780000e+01		-1.3934412e-01		3.8165438e-04
1.3800000e+01		-1.3944393e-01		3.7754176e-04
1.3820000e+01		-1.3954237e-01		3.7340842e-04
1.3840000e+01		-1.3963944e-01		3.6925440e-04
1.3860000e+01		-1.3973514e-01		3.6507974e-04
1.3880000e+01		-1.3982949e-01		3.6088449e-04
1.3900000e+01		-1.3992247e-01		3.5666869e-04
1.3920000e+01		-1.4001409e-01		3.5243239e-04
1.3940000e+01		-1.4010435e-01		3.4817564e-04
1.3960000e+01		-1.4019326e-01		3.4389849e-04
1.3980000e+01		-1.4028082e-01		3.3960099e-04
1.4000000e+01		-1.4036702e-01		3.3528318e-04
1.4020000e+01		-1.4045188e-01		3.3094513e-04
1.4040000e+01		-1.4053539e-01		3.2658688e-04
1.4060000e+01		-1.4061756e-01		3.2220849e-04
1.4080000e+01		-1.4069838e-01		3.1781002e-04
1.4100000e+01		-1.4077787e-01		3.1339152e-04
1.4120000e+01		-1.4085602e-01		3.0895305e-04
1.4140000e+01		-1.4093283e-01		3.0449467e-04
1.4160000e+01		-1.4100831e-01		3.0001644e-04
1.4180000e+01		-1.4108246e-01		2.9551842e-04
1.4200000e+01		-1.4115528e-01		2.9100068e-04
1.4220000e+01		-1.4122678e-01		2.8646327e-04
1.4240000e+01		-1.4129695e-01		2.8190626e-04
1.4260000e+01		-1.4136580e-01		2.7732973e-04
1.4280000e+01		-1.4143333e-01		2.7273373e-04
1.4300000e+01		-1.4149955e-01		2.6811833e-04
1.4320000e+01		-1.4156445e-01		2.6348360e-04
1.4340000e+01		-1.4162803e-01		2.5882962e-04
1.4360000e+01		-1.4169031e-01		2.5415645e-04
1.4380000e+01		-1.4175129e-01		2.4946416e-04
1.4400000e+01		-1.4181095e-01		2.4475284e-04
1.4420000e+01		-1.4186932e-01		2.4002255e-04
1.4440000e+01		-1.4192638e-01		2.3527336e-04
1.4460000e+01		-1.4198215e-01		2.3050537e-04
1.4480000e+01		-1.4203663e-01		2.2571863e-04
1.4500000e+01		-1.4208981e-01		2.2091324e-04
1.4520000e+01		-1.4214170e-01		2.1608927e-04
1.4540000e+01		-1.4219230e-01		2.1124680e-04
1.4560000e+01		-1.4224162e-01		2.0638591e-04
1.4580000e+01		-1.4228966e-01		2.0150669e-04
1.4600000e+01		-1.4233641e-01		1.9660922e-04
1.4620000e+01		-1.4238189e-01		1.9169358e-04
1.4640000e+01		-1.4242610e-01		1.8675986e-04
1.4660000e+01		-1.4246903e-01		1.8180815e-04
1.4680000e+01		-1.4251069e-01		1.7683854e-04
1.4700000e+01		-1.4255109e-01		1.7185110e-04
1.4720000e+01		-1.4259022e-01		1.6684594e-04
1.4740000e+01		-1.4262809e-01		1.6182314e-04
1.4760000e+01		-1.4266470e-01		1.5678279e-04
1.4780000e+01		-1.4270005e-01		1.5172499e-04
1.4800000e+01		-1.4273416e-01		1.4664983e-04
1.4820000e+01		-1.4276701e-01		1.4155741e-04
1.4840000e+01		-1.4279861e-01		1.3644781e-04
1.4860000e+01		-1.4282896e-01		1.3132114e-04
1.4880000e+01		-1.4285808e-01		1.2617749e-04
1.4900000e+01		-1.4288595e-01		1.2101695e-04
1.4920000e+01		-1.4291259e-01		1.1583964e-04
1.4940000e+01		-1.4293799e-01		1.1064565e-04
1.4960000e+01		-1.4296216e-01		1.0543507e-04
1.4980000e+01		-1.4298510e-01		1.0020802e-04
1.5000000e+01		-1.4300681e-01		9.4964589e-05
1.5020000e+01		-1.4302731e-01		8.9704883e-05
1.5040000e+01		-1.4304658e-01		8.4429006e-05
1.5060000e+01		-1.4306463e-01		7.9137065e-05
1.5080000e+01		-1.4308147e-01		7.3829163e-05
1.5100000e+01		-1.4309710e-01		6.8505408e-05
1.5120000e+01		-1.4311151e-01		6.3165908e-05
1.5140000e+01		-1.4312473e-01		5.7810769e-05
1.5160000e+01		-1.4313673e-01		5.2440101e-05
1.5180000e+01		-1.4314754e-01		4.7054014e-05
1.5200000e+01		-1.4315715e-01		4.1652619e-05
1.5220000e+01		-1.4316557e-01		3.6236025e-05
1.5240000e+01		-1.4317280e-01		3.0804346e-05
1.5260000e+01		-1.4317883e-01		2.5357695e-05
1.5280000e+01		-1.4318369e-01		1.9896184e-05
1.5300000e+01		-1.4318736e-01		1.4419928e-05
1.5320000e+01		-1.4318985e-01		8.9290414e-06
1.5340000e+01		-1.4319116e-01		3.4236410e-06
1.5360000e+01		-1.4319130e-01		-2.0961574e-06
1.5380000e+01		-1.4319027e-01		-7.6302365e-06
1.5400000e+01		-1.4318808e-01		-1.3178479e-05
1.5420000e+01		-1.4318472e-01		-1.8740765e-05
1.5440000e+01		-1.4318019e-01		-2.4316977e-05
1.5460000e+01		-1.4317452e-01		-2.9906995e-05
1.5480000e+01		-1.4316768e-01		-3.5510697e-05
1.5500000e+01		-1.4315970e-01		-4.1127963e-05
1.5520000e+01		-1.4315056e-01		-4.6758671e-05
1.5540000e+01		-1.4314028e-01		-5.2402699e-05
1.5560000e+01		-1.4312886e-01		-5.8059924e-05
1.5580000e+01		-1.4311630e-01		-6.3730221e-05
1.5600000e+01		-1.4310261e-01		-6.9413468e-05
1.5620000e+01		-1.4308778e-01		-7.5109538e-05
1.5640000e+01		-1.4307182e-01		-8.0818306e-05
1.5660000e+01		-1.4305474e-01		-8.6539648e-05
1.5680000e+01		-1.4303654e-01		-9.2273435e-05
1.5700000e+01		-1.4301721e-01		-9.8019541e-05
1.5720000e+01		-1.4299677e-01		-1.0377784e-04
1.5740000e+01		-1.4297522e-01		-1.0954820e-04
1.5760000e+01		-1.4295255e-01		-1.1533049e-04
1.5780000e+01		-1.4292878e-01		-1.2112459e-04
1.5800000e+01		-1.4290391e-01		-1.2693037e-04
1.5820000e+01		-1.4287794e-01		-1.3274769e-04
1.5840000e+01		-1.4285087e-01		-1.3857642e-04
1.5860000e+01		-1.4282271e-01		-1.4441644e-04
1.5880000e+01		-1.4279345e-01		-1.5026761e-04
1.5900000e+01		-1.4276312e-01		-1.5612980e-04
1.5920000e+01		-1.4273170e-01		-1.6200288e-04
1.5940000e+01		-1.4269920e-01		-1.6788671e-04
1.5960000e+01		-1.4266562e-01		-1.7378117e-04
1.5980000e+01		-1.4263097e-01		-1.7968611e-04
1.6000000e+01		-1.4259526e-01		-1.8560140e-04
1.6020000e+01		-1.4255847e-01		-1.9152691e-04
1.6040000e+01		-1.4252063e-01		-1.9746251e-04
1.6060000e+01		-1.4248172e-01		-2.0340805e-04
1.6080000e+01		-1.4244176e-01		-2.0936341e-04
1.6100000e+01		-1.4240075e-01		-2.1532844e-04
1.6120000e+01		-1.4235869e-01		-2.2130301e-04
1.6140000e+01		-1.4231559e-01		-2.2728698e-04
1.6160000e+01		-1.4227144e-01		-2.3328023e-04
1.6180000e+01		-1.4222626e-01		-2.3928260e-04
1.6200000e+01		-1.4218004e-01		-2.4529396e-04
1.6220000e+01		-1.4213279e-01		-2.5131418e-04
1.6240000e+01		-1.4208452e-01		-2.5734311e-04
1.6260000e+01		-1.4203522e-01		-2.6338061e-04
1.6280000e+01		-1.4198490e-01		-2.6942656e-04
1.6300000e+01		-1.4193356e-01		-2.7548080e-04
1.6320000e+01		-1.4188121e-01		-2.8154321e-04
1.6340000e+01		-1.4182785e-01		-2.8761363e-04
1.6360000e+01		-1.4177349e-01		-2.9369194e-04
1.6380000e+01		-1.4171812e-01		-2.9977798e-04
1.6400000e+01		-1.4166176e-01		-3.0587163e-04
1.6420000e+01		-1.4160440e-01		-3.1197274e-04
1.6440000e+01		-1.4154605e-01		-3.1808116e-04
1.6460000e+01		-1.4148671e-01		-3.2419677e-04
1.6480000e+01		-1.4142639e-01		-3.3031942e-04
1.6500000e+01		-1.4136509e-01		-3.3644896e-04
1.6520000e+01		-1.4130281e-01		-3.4258526e-04
1.6540000e+01		-1.4123956e-01		-3.4872817e-04
1.6560000e+01		-1.4117534e-01		-3.5487756e-04
1.6580000e+01		-1.4111015e-01		-3.6103328e-04
1.6600000e+01		-1.4104400e-01		-3.6719519e-04
1.6620000e+01		-1.4097690e-01		-3.7336316e-04
1.6640000e+01		-1.4090883e-01		-3.7953702e-04
1.6660000e+01		-1.4083982e-01		-3.8571666e-04
1.6680000e+01		-1.4076987e-01		-3.9190192e-04
1.6700000e+01		-1.4069896e-01		-3.9809266e-04
1.6720000e+01		-1.4062712e-01		-4.0428875e-04
1.6740000e+01		-1.4055435e-01		-4.1049003e-04
1.6760000e+01		-1.4048064e-01		-4.1669637e-04
1.6780000e+01		-1.4040600e-01		-4.2290762e-04
1.6800000e+01		-1.4033044e-01		-4.2912364e-04
1.6820000e+01		-1.4025396e-01		-4.3534430e-04
1.6840000e+01		-1.4017656e-01		-4.4156945e-04
1.6860000e+01		-1.4009825e-01		-4.4779894e-04
1.6880000e+01		-1.4001903e-01		-4.5403264e-04
1.6900000e+01		-1.3993891e-01		-4.6027040e-04
1.6920000e+01		-1.3985788e-01		-4.6651208e-04
1.6940000e+01		-1.3977595e-01		-4.7275754e-04
1.6960000e+01		-1.3969313e-01		-4.7900664e-04
1.6980000e+01		-1.3960942e-01		-4.8525924e-04
1.7000000e+01		-1.3952483e-01		-4.9151519e-04
1.7020000e+01		-1.3943935e-01		-4.9777436e-04
1.7040000e+01		-1.3935299e-01		-5.0403660e-04
1.7060000e+01		-1.3926576e-01		-5.1030177e-04
1.7080000e+01		-1.3917766e-01		-5.1656973e-04
1.7100000e+01		-1.3908869e-01		-5.2284034e-04
1.7120000e+01		-1.3899885e-01		-5.2911346e-04
1.7140000e+01		-1.3890816e-01		-5.3538895e-04
1.7160000e+01		-1.3881661e-01		-5.4166667e-04
1.7180000e+01		-1.3872421e-01		-5.4794647e-04
1.7200000e+01		-1.3863096e-01		-5.5422823e-04
1.7220000e+01		-1.3853687e-01		-5.6051179e-04
1.7240000e+01		-1.3844194e-01		-5.6679702e-04
1.7260000e+01		-1.3834617e-01		-5.7308378e-04
1.7280000e+01		-1.3824957e-01		-5.7937193e-04
1.7300000e+01		-1.3815214e-01		-5.8566134e-04
1.7320000e+01		-1.3805388e-01		-5.9195185e-04
1.7340000e+01		-1.3795481e-01		-5.9824334e-04
1.7360000e+01		-1.3785492e-01		-6.0453567e-04
1.7380000e+01		-1.3775421e-01		-6.1082869e-04
1.7400000e+01		-1.3765270e-01		-6.1712227e-04
1.7420000e+01		-1.3755038e-01		-6.2341628e-04
1.7440000e+01		-1.3744726e-01		-6.2971058e-04
1.7460000e+01		-1.3734334e-01		-6.3600502e-04
1.7480000e+01		-1.3723863e-01		-6.4229947e-04
1.7500000e+01		-1.3713313e-01		-6.4859381e-04
1.7520000e+01		-1.3702685e-01		-6.5488788e-04
1.7540000e+01		-1.3691978e-01		-6.6118156e-04
1.7560000e+01		-1.3681194e-01		-6.6747470e-04
1.7580000e+01		-1.3670332e-01		-6.7376719e-04
1.7600000e+01		-1.3659393e-01		-6.8005887e-04
1.7620000e+01		-1.3648377e-01		-6.8634962e-04
1.7640000e+01		-1.3637286e-01		-6.9263930e-04
1.7660000e+01		-1.3626118e-01		-6.9892779e-04
1.7680000e+01		-1.3614875e-01		-7.0521493e-04
1.7700000e+01		-1.3603557e-01		-7.1150061e-04
1.7720000e+01		-1.3592164e-01		-7.1778470e-04
1.7740000e+01		-1.3580698e-01		-7.2406705e-04
1.7760000e+01		-1.3569157e-01		-7.3034754e-04
1.7780000e+01		-1.3557543e-01		-7.3662604e-04
1.7800000e+01		-1.3545855e-01		-7.4290241e-04
1.7820000e+01		-1.3534095e-01		-7.4917653e-04
1.7840000e+01		-1.3522263e-01		-7.5544826e-04
1.7860000e+01		-1.3510359e-01		-7.6171749e-04
1.7880000e+01		-1.3498383e-01		-7.6798407e-04
1.7900000e+01		-1.3486337e-01		-7.7424788e-04
1.7920000e+01		-1.3474219e-01		-7.8050879e-04
1.7940000e+01		-1.3462031e-01		-7.8676668e-04
1.7960000e+01		-1.3449773e-01		-7.9302141e-04
1.7980000e+01		-1.3437446e-01		-7.9927286e-04
1.8000000e+01		-1.3425050e-01		-8.0552091e-04
1.8020000e+01		-1.3412584e-01		-8.1176543e-04
1.8040000e+01		-1.3400051e-01		-8.1800629e-04
1.8060000e+01		-1.3387449e-01		-8.2424338e-04
1.8080000e+01		-1.3374780e-01		-8.3047655e-04
1.8100000e+01		-1.3362043e-01		-8.3670570e-04
1.8120000e+01		-1.3349240e-01		-8.4293070e-04
1.8140000e+01		-1.3336370e-01		-8.4915143e-04
1.8160000e+01		-1.3323435e-01		-8.5536776e-04
1.8180000e+01		-1.3310433e-01		-8.6157957e-04
1.8200000e+01		-1.3297367e-01		-8.6778675e-04
1.8220000e+01		-1.3284235e-01		-8.7398917e-04
1.8240000e+01		-1.3271039e-01		-8.8018671e-04
1.8260000e+01		-1.3257779e-01		-8.8637925e-04
1.8280000e+01		-1.3244455e-01		-8.9256668e-04
1.8300000e+01		-1.3231068e-01		-8.9874888e-04
1.8320000e+01		-1.3217618e-01		-9.0492572e-04
1.8340000e+01		-1.3204106e-01		-9.1109710e-04
1.8360000e+01		-1.3190531e-01		-9.1726289e-04
1.8380000e+01		-1.3176894e-01		-9.2342298e-04
1.8400000e+01		-1.3163197e-01		-9.2957726e-04
1.8420000e+01		-1.3149438e-01		-9.3572561e-04
1.8440000e+01		-1.3135618e-01		-9.4186792e-04
1.8460000e+01		-1.3121738e-01		-9.4800407e-04
1.8480000e+01		-1.3107799e-01		-9.5413395e-04
1.8500000e+01		-1.3093800e-01		-9.6025745e-04
1.8520000e+01		-1.3079742e-01		-9.6637445e-04
1.8540000e+01		-1.3065625e-01		-9.7248486e-04
1.8560000e+01		-1.3051450e-01		-9.7858855e-04
1.8580000e+01		-1.3037217e-01		-9.8468541e-04
1.8600000e+01		-1.3022926e-01		-9.9077534e-04
1.8620000e+01		-1.3008578e-01		-9.9685824e-04
1.8640000e+01		-1.2994174e-01		-1.0029340e-03
1.8660000e+01		-1.2979713e-01		-1.0090025e-03
1.8680000e+01		-1.2965195e-01		-1.0150636e-03
1.8700000e+01		-1.2950623e-01		-1.0211173e-03
1.8720000e+01		-1.2935995e-01		-1.0271634e-03
1.8740000e+01		-1.2921312e-01		-1.0332018e-03
1.8760000e+01		-1.2906575e-01		-1.0392324e-03
1.8780000e+01		-1.2891783e-01		-1.0452551e-03
1.8800000e+01		-1.2876938e-01		-1.0512699e-03
1.8820000e+01		-1.2862039e-01		-1.0572766e-03
1.8840000e+01		-1.2847087e-01		-1.0632751e-03
1.8860000e+01		-1.2832083e-01		-1.0692653e-03
1.8880000e+01		-1.2817027e-01		-1.0752471e-03
1.8900000e+01		-1.2801918e-01		-1.0812204e-03
1.8920000e+01		-1.2786758e-01		-1.0871852e-03
1.8940000e+01		-1.2771547e-01		-1.0931412e-03
1.8960000e+01		-1.2756285e-01		-1.0990885e-03
1.8980000e+01		-1.2740973e-01		-1.1050269e-03
1.9000000e+01		-1.2725610e-01		-1.1109563e-03
1.9020000e+01		-1.2710198e-01		-1.1168767e-03
1.9040000e+01		-1.2694737e-01		-1.1227879e-03
1.9060000e+01		-1.2679227e-01		-1.1286899e-03
1.9080000e+01		-1.2663668e-01		-1.1345825e-03
1.9100000e+01		-1.2648061e-01		-1.1404656e-03
1.9120000e+01		-1.2632406e-01		-1.1463393e-03
1.9140000e+01		-1.2616704e-01		-1.1522033e-03
1.9160000e+01		-1.2600954e-01		-1.1580576e-03
1.9180000e+01		-1.2585158e-01		-1.1639021e-03
1.9200000e+01		-1.2569315e-01		-1.1697367e-03
1.9220000e+01		-1.2553427e-01		-1.1755614e-03
1.9240000e+01		-1.2537493e-01		-1.1813760e-03
1.9260000e+01		-1.2521513e-01		-1.1871804e-03
1.9280000e+01		-1.2505489e-01		-1.1929746e-03
1.9300000e+01		-1.2489420e-01		-1.1987585e-03
1.9320000e+01		-1.2473306e-01		-1.2045320e-03
1.9340000e+01		-1.2457149e-01		-1.2102950e-03
1.9360000e+01		-1.2440949e-01		-1.2160475e-03
1.9380000e+01		-1.2424705e-01		-1.2217893e-03
1.9400000e+01		-1.2408418e-01		-1.2275203e-03
1.9420000e+01		-1.2392089e-01		-1.2332406e-03
1.9440000e+01		-1.2375718e-01		-1.2389499e-03
1.9460000e+01		-1.2359305e-01		-1.2446483e-03
1.9480000e+01		-1.2342851e-01		-1.2503357e-03
1.9500000e+01		-1.2326356e-01		-1.2560119e-03
1.9520000e+01		-1.2309820e-01		-1.2616769e-03
1.9540000e+01		-1.2293244e-01		-1.2673306e-03
1.9560000e+01		-1.2276627e-01		-1.2729730e-03
1.9580000e+01		-1.2259971e-01		-1.2786040e-03
1.9600000e+01		-1.2243276e-01		-1.2842234e-03
1.9620000e+01		-1.2226542e-01		-1.2898313e-03
1.9640000e+01		-1.2209769e-01		-1.2954276e-03
1.9660000e+01		-1.2192958e-01		-1.3010121e-03
1.9680000e+01		-1.2176109e-01		-1.3065848e-03
1.9700000e+01		-1.2159223e-01		-1.3121457e-03
1.9720000e+01		-1.2142299e-01		-1.3176947e-03
1.9740000e+01		-1.2125338e-01		-1.3232316e-03
1.9760000e+01		-1.2108341e-01		-1.3287565e-03
1.9780000e+01		-1.2091307e-01		-1.3342693e-03
1.9800000e+01		-1.2074238e-01		-1.3397699e-03
1.9820000e+01		-1.2057133e-01		-1.3452582e-03
1.9840000e+01		-1.2039993e-01		-1.3507342e-03
1.9860000e+01		-1.2022818e-01		-1.3561978e-03
1.9880000e+01		-1.2005608e-01		-1.3616489e-03
1.9900000e+01		-1.1988364e-01		-1.3670875e-03
1.9920000e+01		-1.1971087e-01		-1.3725136e-03
1.9940000e+01		-1.1953775e-01		-1.3779270e-03
1.9960000e+01		-1.1936431e-01		-1.3833277e-03
1.9980000e+01		-1.1919053e-01		-1.3887156e-03
2.0000000e+01		-1.1901643e-01		-1.3940907e-03
2.0020000e+01		-1.1884201e-01		-1.3994530e-03
2.0040000e+01		-1.1866727e-01		-1.4048023e-03
2.0060000e+01		-1.1849221e-01		-1.4101386e-03
2.0080000e+01		-1.1831684e-01		-1.4154619e-03
2.0100000e+01		-1.1814116e-01		-1.4207721e-03
2.0120000e+01		-1.1796517e-01		-1.4260691e-03
2.0140000e+01		-1.1778888e-01		-1.4313529e-03
2.0160000e+01		-1.1761229e-01		-1.4366234e-03
2.0180000e+01		-1.1743541e-01		-1.4418807e-03
2.0200000e+01		-1.1725822e-01		-1.4471245e-03
2.0220000e+01		-1.1708075e-01		-1.4523550e-03
2.0240000e+01		-1.1690299e-01		-1.4575719e-03
2.0260000e+01		-1.1672495e-01		-1.4627754e-03
2.0280000e+01		-1.1654663e-01		-1.4679653e-03
2.0300000e+01		-1.1636802e-01		-1.4731416e-03
2.0320000e+01		-1.1618915e-01		-1.4783042e-03
2.0340000e+01		-1.1601000e-01		-1.4834531e-03
2.0360000e+01		-1.1583058e-01		-1.4885882e-03
2.0380000e+01		-1.1565089e-01		-1.4937096e-03
2.0400000e+01		-1.1547095e-01		-1.4988171e-03
2.0420000e+01		-1.1529074e-01		-1.5039107e-03
2.0440000e+01		-1.1511027e-01		-1.5089904e-03
2.0460000e+01		-1.1492956e-01		-1.5140561e-03
2.0480000e+01		-1.1474859e-01		-1.5191078e-03
2.0500000e+01		-1.1456737e-01		-1.5241455e-03
2.0520000e+01		-1.1438591e-01		-1.5291690e-03
2.0540000e+01		-1.1420421e-01		-1.5341784e-03
2.0560000e+01		-1.1402227e-01		-1.5391737e-03
2.0580000e+01		-1.1384009e-01		-1.5441547e-03
2.0600000e+01		-1.1365768e-01		-1.5491215e-03
2.0620000e+01		-1.1347505e-01		-1.5540740e-03
2.0640000e+01		-1.1329218e-01		-1.5590121e-03
2.0660000e+01		-1.1310909e-01		-1.5639359e-03
2.0680000e+01		-1.1292578e-01		-1.5688454e-03
2.0700000e+01		-1.1274225e-01		-1.5737403e-03
2.0720000e+01		-1.1255850e-01		-1.5786209e-03
2.0740000e+01		-1.1237454e-01		-1.5834869e-03
2.0760000e+01		-1.1219037e-01		-1.5883384e-03
2.0780000e+01		-1.1200600e-01		-1.5931754e-03
2.0800000e+01		-1.1182142e-01		-1.5979977e-03
2.0820000e+01		-1.1163664e-01		-1.6028055e-03
2.0840000e+01		-1.1145166e-01		-1.6075986e-03
2.0860000e+01		-1.1126649e-01		-1.6123770e-03
2.0880000e+01		-1.1108112e-01		-1.6171407e-03
2.0900000e+01		-1.1089556e-01		-1.6218897e-03
2.0920000e+01		-1.1070981e-01		-1.6266240e-03
2.0940000e+01		-1.1052388e-01		-1.6313434e-03
2.0960000e+01		-1.1033777e-01		-1.6360481e-03
2.0980000e+01		-1.1015148e-01		-1.6407379e-03
2.1000000e+01		-1.0996501e-01		-1.6454128e-03
2.1020000e+01		-1.0977837e-01		-1.6500729e-03
2.1040000e+01		-1.0959156e-01		-1.6547181e-03
2.1060000e+01		-1.0940458e-01		-1.6593483e-03
2.1080000e+01		-1.0921743e-01		-1.6639636e-03
2.1100000e+01		-1.0903012e-01		-1.6685639e-03
2.1120000e+01		-1.0884265e-01		-1.6731493e-03
2.1140000e+01		-1.0865502e-01		-1.6777196e-03
2.1160000e+01		-1.0846724e-01		-1.6822749e-03
2.1180000e+01		-1.0827930e-01		-1.6868151e-03
2.1200000e+01		-1.0809121e-01		-1.6913403e-03
2.1220000e+01		-1.0790298e-01		-1.6958504e-03
2.1240000e+01		-1.0771460e-01		-1.7003454e-03
2.1260000e+01		-1.0752608e-01		-1.7048253e-03
2.1280000e+01		-1.0733741e-01		-1.7092900e-03
2.1300000e+01		-1.0714861e-01		-1.7137396e-03
2.1320000e+01		-1.0695968e-01		-1.7181741e-03
2.1340000e+01		-1.0677061e-01		-1.7225933e-03
2.1360000e+01		-1.0658142e-01		-1.7269974e-03
2.1380000e+01		-1.0639209e-01		-1.7313863e-03
2.1400000e+01		-1.0620264e-01		-1.7357600e-03
2.1420000e+01		-1.0601307e-01		-1.7401184e-03
2.1440000e+01		-1.0582338e-01		-1.7444616e-03
2.1460000e+01		-1.0563357e-01		-1.7487896e-03
2.1480000e+01		-1.0544365e-01		-1.7531023e-03
2.1500000e+01		-1.0525361e-01		-1.7573997e-03
2.1520000e+01		-1.0506347e-01		-1.7616819e-03
2.1540000e+01		-1.0487321e-01		-1.7659488e-03
2.1560000e+01		-1.0468285e-01		-1.7702004e-03
2.1580000e+01		-1.0449239e-01		-1.7744368e-03
2.1600000e+01		-1.0430182e-01		-1.7786578e-03
2.1620000e+01		-1.0411116e-01		-1.7828635e-03
2.1640000e+01		-1.0392040e-01		-1.7870539e-03
2.1660000e+01		-1.0372954e-01		-1.7912290e-03
2.1680000e+01		-1.0353860e-01		-1.7953887e-03
2.1700000e+01		-1.0334757e-01		-1.7995332e-03
2.1720000e+01		-1.0315644e-01		-1.8036623e-03
2.1740000e+01		-1.0296524e-01		-1.8077760e-03
2.1760000e+01		-1.0277395e-01		-1.8118745e-03
2.1780000e+01		-1.0258258e-01		-1.8159576e-03
2.1800000e+01		-1.0239113e-01		-1.8200254e-03
2.1820000e+01		-1.0219961e-01		-1.8240778e-03
2.1840000e+01		-1.0200801e-01		-1.8281149e-03
2.1860000e+01		-1.0181635e-01		-1.8321367e-03
2.1880000e+01		-1.0162461e-01		-1.8361431e-03
2.1900000e+01		-1.0143281e-01		-1.8401342e-03
2.1920000e+01		-1.0124094e-01		-1.8441100e-03
2.1940000e+01		-1.0104900e-01		-1.8480705e-03
2.1960000e+01		-1.0085701e-01		-1.8520156e-03
2.1980000e+01		-1.0066496e-01		-1.8559454e-03
2.2000000e+01		-1.0047285e-01		-1.8598599e-03
2.2020000e+01		-1.0028069e-01		-1.8637590e-03
2.2040000e+01		-1.0008848e-01		-1.8676429e-03
2.2060000e+01		-9.9896216e-02		-1.8715115e-03
2.2080000e+01		-9.9703904e-02		-1.8753647e-03
2.2100000e+01		-9.9511546e-02		-1.8792027e-03
2.2120000e+01		-9.9319145e-02		-1.8830254e-03
2.2140000e+01		-9.9126701e-02		-1.8868328e-03
2.2160000e+01		-9.8934218e-02		-1.8906249e-03
2.2180000e+01		-9.8741697e-02		-1.8944018e-03
2.2200000e+01		-9.8549140e-02		-1.8981634e-03
2.2220000e+01		-9.8356549e-02		-1.9019098e-03
2.2240000e+01		-9.8163926e-02		-1.9056409e-03
2.2260000e+01		-9.7971273e-02		-1.9093568e-03
2.2280000e+01		-9.7778592e-02		-1.9130575e-03
2.2300000e+01		-9.7585886e-02		-1.9167430e-03
2.2320000e+01		-9.7393155e-02		-1.9204133e-03
2.2340000e+01		-9.7200402e-02		-1.9240684e-03
2.2360000e+01		-9.7007628e-02		-1.9277084e-03
2.2380000e+01		-9.6814837e-02		-1.9313331e-03
2.2400000e+01		-9.6622028e-02		-1.9349428e-03
2.2420000e+01		-9.6429205e-02		-1.9385373e-03
2.2440000e+01		-9.6236370e-02		-1.9421167e-03
2.2460000e+01		-9.6043523e-02		-1.9456810e-03
2.2480000e+01		-9.5850668e-02		-1.9492302e-03
2.2500000e+01		-9.5657805e-02		-1.9527643e-03
2.2520000e+01		-9.5464936e-02		-1.9562834e-03
2.2540000e+01		-9.5272064e-02		-1.9597874e-03
2.2560000e+01		-9.5079191e-02		-1.9632764e-03
2.2580000e+01		-9.4886317e-02		-1.9667504e-03
2.2600000e+01		-9.4693445e-02		-1.9702094e-03
2.2620000e+01		-9.4500576e-02		-1.9736534e-03
2.2640000e+01		-9.4307713e-02		-1.9770824e-03
2.2660000e+01		-9.4114856e-02		-1.9804966e-03
2.2680000e+01		-9.3922009e-02		-1.9838957e-03
2.2700000e+01		-9.3729171e-02		-1.9872800e-03
2.2720000e+01		-9.3536346e-02		-1.9906494e-03
2.2740000e+01		-9.3343535e-02		-1.9940039e-03
2.2760000e+01		-9.3150739e-02		-1.9973436e-03
2.2780000e+01		-9.2957960e-02		-2.0006684e-03
2.2800000e+01		-9.2765201e-02		-2.0039785e-03
2.2820000e+01		-9.2572461e-02		-2.0072737e-03
2.2840000e+01		-9.2379744e-02		-2.0105542e-03
2.2860000e+01		-9.2187051e-02		-2.0138199e-03
2.2880000e+01		-9.1994383e-02		-2.0170709e-03
2.2900000e+01		-9.1801742e-02		-2.0203073e-03
2.2920000e+01		-9.1609129e-02		-2.0235289e-03
2.2940000e+01		-9.1416547e-02		-2.0267359e-03
2.2960000e+01		-9.1223997e-02		-2.0299282e-03
2.2980000e+01		-9.1031480e-02		-2.0331059e-03
2.3000000e+01		-9.0838997e-02		-2.0362691e-03
2.3020000e+01		-9.0646552e-02		-2.0394176e-03
2.3040000e+01		-9.0454144e-02		-2.0425517e-03
2.3060000e+01		-9.0261775e-02		-2.0456712e-03
2.3080000e+01		-9.0069448e-02		-2.0487762e-03
2.3100000e+01		-8.9877163e-02		-2.0518668e-03
2.3120000e+01		-8.9684923e-02		-2.0549429e-03
2.3140000e+01		-8.9492727e-02		-2.0580046e-03
2.3160000e+01		-8.9300579e-02		-2.0610519e-03
2.3180000e+01		-8.9108479e-02		-2.0640849e-03
2.3200000e+01		-8.8916429e-02		-2.0671035e-03
2.3220000e+01		-8.8724431e-02		-2.0701078e-03
2.3240000e+01		-8.8532485e-02		-2.0730978e-03
2.3260000e+01		-8.8340593e-02		-2.0760736e-03
2.3280000e+01		-8.8148757e-02		-2.0790352e-03
2.3300000e+01		-8.7956978e-02		-2.0819825e-03
2.3320000e+01		-8.7765257e-02		-2.0849157e-03
2.3340000e+01		-8.7573596e-02		-2.0878347e-03
2.3360000e+01		-8.7381996e-02		-2.0907396e-03
2.3380000e+01		-8.7190459e-02		-2.0936304e-03
2.3400000e+01		-8.6998985e-02		-2.0965072e-03
2.3420000e+01		-8.6807577e-02		-2.0993700e-03
2.3440000e+01		-8.6616235e-02		-2.1022187e-03
2.3460000e+01		-8.6424961e-02		-2.1050535e-03
2.3480000e+01		-8.6233757e-02		-2.1078743e-03
2.3500000e+01		-8.6042622e-02		-2.1106812e-03
2.3520000e+01		-8.5851560e-02		-2.1134743e-03
2.3540000e+01		-8.5660571e-02		-2.1162535e-03
2.3560000e+01		-8.5469656e-02		-2.1190189e-03
2.3580000e+01		-8.5278816e-02		-2.1217705e-03
2.3600000e+01		-8.5088053e-02		-2.1245083e-03
2.3620000e+01		-8.4897369e-02		-2.1272324e-03
2.3640000e+01		-8.4706764e-02		-2.1299428e-03
2.3660000e+01		-8.4516239e-02		-2.1326396e-03
2.3680000e+01		-8.4325796e-02		-2.1353228e-03
2.3700000e+01		-8.4135436e-02		-2.1379923e-03
2.3720000e+01		-8.3945160e-02		-2.1406483e-03
2.3740000e+01		-8.3754970e-02		-2.1432907e-03
2.3760000e+01		-8.3564866e-02		-2.1459197e-03
2.3780000e+01		-8.3374850e-02		-2.1485352e-03
2.3800000e+01		-8.3184923e-02		-2.1511373e-03
2.3820000e+01		-8.2995086e-02		-2.1537259e-03
2.3840000e+01		-8.2805340e-02		-2.1563012e-03
2.3860000e+01		-8.2615686e-02		-2.1588632e-03
2.3880000e+01		-8.2426126e-02		-2.1614119e-03
2.3900000e+01		-8.2236660e-02		-2.1639473e-03
2.3920000e+01		-8.2047290e-02		-2.1664695e-03
2.3940000e+01		-8.1858017e-02		-2.1689785e-03
2.3960000e+01		-8.1668842e-02		-2.1714744e-03
2.3980000e+01		-8.1479765e-02		-2.1739571e-03
2.4000000e+01		-8.1290789e-02		-2.1764267e-03
2.4020000e+01		-8.1101913e-02		-2.1788833e-03
2.4040000e+01		-8.0913140e-02		-2.1813269e-03
2.4060000e+01		-8.0724470e-02		-2.1837574e-03
2.4080000e+01		-8.0535904e-02		-2.1861751e-03
2.4100000e+01		-8.0347443e-02		-2.1885798e-03
2.4120000e+01		-8.0159089e-02		-2.1909717e-03
2.4140000e+01		-7.9970842e-02		-2.1933507e-03
2.4160000e+01		-7.9782703e-02		-2.1957169e-03
2.4180000e+01		-7.9594673e-02		-2.1980703e-03
2.4200000e+01		-7.9406754e-02		-2.2004111e-03
2.4220000e+01		-7.9218946e-02		-2.2027391e-03
2.4240000e+01		-7.9031250e-02		-2.2050545e-03
2.4260000e+01		-7.8843667e-02		-2.2073572e-03
2.4280000e+01		-7.8656198e-02		-2.2096474e-03
2.4300000e+01		-7.8468844e-02		-2.2119250e-03
2.4320000e+01		-7.8281607e-02		-2.2141901e-03
2.4340000e+01		-7.8094486e-02		-2.2164428e-03
2.4360000e+01		-7.7907483e-02		-2.2186830e-03
2.4380000e+01		-7.7720598e-02		-2.2209108e-03
2.4400000e+01		-7.7533834e-02		-2.2231263e-03
2.4420000e+01		-7.7347190e-02		-2.2253295e-03
2.4440000e+01		-7.7160667e-02		-2.2275203e-03
2.4460000e+01		-7.6974267e-02		-2.2296989e-03
2.4480000e+01		-7.6787989e-02		-2.2318654e-03
2.4500000e+01		-7.6601836e-02		-2.2340196e-03
2.4520000e+01		-7.6415808e-02		-2.2361617e-03
2.4540000e+01		-7.6229905e-02		-2.2382918e-03
2.4560000e+01		-7.6044129e-02		-2.2404097e-03
2.4580000e+01		-7.5858481e-02		-2.2425157e-03
2.4600000e+01		-7.5672960e-02		-2.2446097e-03
2.4620000e+01		-7.5487569e-02		-2.2466918e-03
2.4640000e+01		-7.5302307e-02		-2.2487619e-03
2.4660000e+01		-7.5117176e-02		-2.2508202e-03
2.4680000e+01		-7.4932177e-02		-2.2528667e-03
2.4700000e+01		-7.4747310e-02		-2.2549014e-03
2.4720000e+01		-7.4562575e-02		-2.2569244e-03
2.4740000e+01		-7.4377975e-02		-2.2589356e-03
2.4760000e+01		-7.4193509e-02		-2.2609352e-03
2.4780000e+01		-7.4009179e-02		-2.2629232e-03
2.4800000e+01		-7.3824984e-02		-2.2648996e-03
2.4820000e+01		-7.3640926e-02		-2.2668644e-03
2.4840000e+01		-7.3457006e-02		-2.2688178e-03
2.4860000e+01		-7.3273224e-02		-2.2707596e-03
2.4880000e+01		-7.3089581e-02		-2.2726901e-03
2.4900000e+01		-7.2906077e-02		-2.2746092e-03
2.4920000e+01		-7.2722714e-02		-2.2765169e-03
2.4940000e+01		-7.2539492e-02		-2.2784133e-03
2.4960000e+01		-7.2356412e-02		-2.2802984e-03
2.4980000e+01		-7.2173474e-02		-2.2821723e-03
2.5000000e+01		-7.1990679e-02		-2.2840351e-03
2.5020000e+01		-7.1808028e-02		-2.2858867e-03
2.5040000e+01		-7.1625522e-02		-2.2877272e-03
2.5060000e+01		-7.1443161e-02		-2.2895566e-03
2.5080000e+01		-7.1260945e-02		-2.2913750e-03
2.5100000e+01		-7.1078876e-02		-2.2931824e-03
2.5120000e+01		-7.0896954e-02		-2.2949788e-03
2.5140000e+01		-7.0715179e-02		-2.2967644e-03
2.5160000e+01		-7.0533553e-02		-2.2985391e-03
2.5180000e+01		-7.0352075e-02		-2.3003029e-03
2.5200000e+01		-7.0170747e-02		-2.3020560e-03
2.5220000e+01		-6.9989570e-02		-2.3037983e-03
2.5240000e+01		-6.9808543e-02		-2.3055300e-03
2.5260000e+01		-6.9627667e-02		-2.3072509e-03
2.5280000e+01		-6.9446943e-02		-2.3089613e-03
2.5300000e+01		-6.9266371e-02		-2.3106610e-03
2.5320000e+01		-6.9085953e-02		-2.3123503e-03
2.5340000e+01		-6.8905688e-02		-2.3140290e-03
2.5360000e+01		-6.8725577e-02		-2.3156972e-03
2.5380000e+01		-6.8545621e-02		-2.3173551e-03
2.5400000e+01		-6.8365820e-02		-2.3190025e-03
2.5420000e+01		-6.8186175e-02		-2.3206396e-03
2.5440000e+01		-6.8006686e-02		-2.3222665e-03
2.5460000e+01		-6.7827354e-02		-2.3238830e-03
2.5480000e+01		-6.7648179e-02		-2.3254894e-03
2.5500000e+01		-6.7469162e-02		-2.3270855e-03
2.5520000e+01		-6.7290304e-02		-2.3286715e-03
2.5540000e+01		-6.7111604e-02		-2.3302475e-03
2.5560000e+01		-6.6933063e-02		-2.3318134e-03
2.5580000e+01		-6.6754683e-02		-2.3333692e-03
2.5600000e+01		-6.6576463e-02		-2.3349151e-03
2.5620000e+01		-6.6398403e-02		-2.3364511e-03
2.5640000e+01		-6.6220505e-02		-2.3379771e-03
2.5660000e+01		-6.6042768e-02		-2.3394933e-03
2.5680000e+01		-6.5865194e-02		-2.3409997e-03
2.5700000e+01		-6.5687782e-02		-2.3424963e-03
2.5720000e+01		-6.5510534e-02		-2.3439832e-03
2.5740000e+01		-6.5333448e-02		-2.3454604e-03
2.5760000e+01		-6.5156527e-02		-2.3469280e-03
2.5780000e+01		-6.4979770e-02		-2.3483859e-03
2.5800000e+01		-6.4803178e-02		-2.3498343e-03
2.5820000e+01		-6.4626752e-02		-2.3512731e-03
2.5840000e+01		-6.4450490e-02		-2.3527025e-03
2.5860000e+01		-6.4274395e-02		-2.3541224e-03
2.5880000e+01		-6.4098467e-02		-2.3555329e-03
2.5900000e+01		-6.3922705e-02		-2.3569340e-03
2.5920000e+01		-6.3747110e-02		-2.3583258e-03
2.5940000e+01		-6.3571683e-02		-2.3597083e-03
2.5960000e+01		-6.3396424e-02		-2.3610816e-03
2.5980000e+01		-6.3221334e-02		-2.3624456e-03
2.6000000e+01		-6.3046412e-02		-2.3638005e-03
2.6020000e+01		-6.2871659e-02		-2.3651463e-03
2.6040000e+01		-6.2697076e-02		-2.3664830e-03
2.6060000e+01		-6.2522662e-02		-2.3678106e-03
2.6080000e+01		-6.2348419e-02		-2.3691292e-03
2.6100000e+01		-6.2174346e-02		-2.3704389e-03
2.6120000e+01		-6.2000444e-02		-2.3717396e-03
2.6140000e+01		-6.1826713e-02		-2.3730315e-03
2.6160000e+01		-6.1653154e-02		-2.3743145e-03
2.6180000e+01		-6.1479767e-02		-2.3755887e-03
2.6200000e+01		-6.1306551e-02		-2.3768541e-03
2.6220000e+01		-6.1133509e-02		-2.3781108e-03
2.6240000e+01		-6.0960639e-02		-2.3793588e-03
2.6260000e+01		-6.0787942e-02		-2.3805982e-03
2.6280000e+01		-6.0615418e-02		-2.3818290e-03
2.6300000e+01		-6.0443068e-02		-2.3830511e-03
2.6320000e+01		-6.0270892e-02		-2.3842648e-03
2.6340000e+01		-6.0098890e-02		-2.3854700e-03
2.6360000e+01		-5.9927063e-02		-2.3866667e-03
2.6380000e+01		-5.9755411e-02		-2.3878550e-03
2.6400000e+01		-5.9583933e-02		-2.3890350e-03
2.6420000e+01		-5.9412631e-02		-2.3902066e-03
2.6440000e+01		-5.9241505e-02		-2.3913699e-03
2.6460000e+01		-5.9070554e-02		-2.3925249e-03
2.6480000e+01		-5.8899780e-02		-2.3936718e-03
2.6500000e+01		-5.8729182e-02		-2.3948105e-03
2.6520000e+01		-5.8558760e-02		-2.3959410e-03
2.6540000e+01		-5.8388516e-02		-2.3970634e-03
2.6560000e+01		-5.8218448e-02		-2.3981778e-03
2.6580000e+01		-5.8048558e-02		-2.3992842e-03
2.6600000e+01		-5.7878845e-02		-2.4003826e-03
2.6620000e+01		-5.7709310e-02		-2.4014730e-03
2.6640000e+01		-5.7539953e-02		-2.4025555e-03
2.6660000e+01		-5.7370774e-02		-2.4036302e-03
2.6680000e+01		-5.7201773e-02		-2.4046970e-03
2.6700000e+01		-5.7032951e-02		-2.4057561e-03
2.6720000e+01		-5.6864308e-02		-2.4068074e-03
2.6740000e+01		-5.6695843e-02		-2.4078510e-03
2.6760000e+01		-5.6527558e-02		-2.4088869e-03
2.6780000e+01		-5.6359453e-02		-2.4099152e-03
2.6800000e+01		-5.6191526e-02		-2.4109359e-03
2.6820000e+01		-5.6023780e-02		-2.4119490e-03
2.6840000e+01		-5.5856213e-02		-2.4129546e-03
2.6860000e+01		-5.5688827e-02		-2.4139527e-03
2.6880000e+01		-5.5521620e-02		-2.4149434e-03
2.6900000e+01		-5.5354594e-02		-2.4159267e-03
2.6920000e+01		-5.5187749e-02		-2.4169026e-03
2.6940000e+01		-5.5021084e-02		-2.4178711e-03
2.6960000e+01		-5.4854600e-02		-2.4188324e-03
2.6980000e+01		-5.4688298e-02		-2.4197864e-03
2.7000000e+01		-5.4522176e-02		-2.4207332e-03
2.7020000e+01		-5.4356235e-02		-2.4216728e-03
2.7040000e+01		-5.4190476e-02		-2.4226053e-03
2.7060000e+01		-5.4024899e-02		-2.4235306e-03
2.7080000e+01		-5.3859503e-02		-2.4244489e-03
2.7100000e+01		-5.3694289e-02		-2.4253602e-03
2.7120000e+01		-5.3529257e-02		-2.4262644e-03
2.7140000e+01		-5.3364407e-02		-2.4271617e-03
2.7160000e+01		-5.3199739e-02		-2.4280521e-03
2.7180000e+01		-5.3035253e-02		-2.4289356e-03
2.7200000e+01		-5.2870950e-02		-2.4298122e-03
2.7220000e+01		-5.2706829e-02		-2.4306820e-03
2.7240000e+01		-5.2542891e-02		-2.4315451e-03
2.7260000e+01		-5.2379136e-02		-2.4324014e-03
2.7280000e+01		-5.2215563e-02		-2.4332509e-03
2.7300000e+01		-5.2052173e-02		-2.4340939e-03
2.7320000e+01		-5.1888966e-02		-2.4349302e-03
2.7340000e+01		-5.1725942e-02		-2.4357598e-03
2.7360000e+01		-5.1563101e-02		-2.4365830e-03
2.7380000e+01		-5.1400444e-02		-2.4373996e-03
2.7400000e+01		-5.1237969e-02		-2.4382097e-03
2.7420000e+01		-5.1075678e-02		-2.4390133e-03
2.7440000e+01		-5.0913570e-02		-2.4398106e-03
2.7460000e+01		-5.0751646e-02		-2.4406014e-03
2.7480000e+01		-5.0589905e-02		-2.4413860e-03
2.7500000e+01		-5.0428348e-02		-2.4421641e-03
2.7520000e+01		-5.0266975e-02		-2.4429361e-03
2.7540000e+01		-5.0105785e-02		-2.4437017e-03
2.7560000e+01		-4.9944778e-02		-2.4444612e-03
2.7580000e+01		-4.9783956e-02		-2.4452145e-03
2.7600000e+01		-4.9623317e-02		-2.4459617e-03
2.7620000e+01		-4.9462862e-02		-2.4467027e-03
2.7640000e+01		-4.9302591e-02		-2.4474377e-03
2.7660000e+01		-4.9142504e-02		-2.4481667e-03
2.7680000e+01		-4.8982601e-02		-2.4488896e-03
2.7700000e+01		-4.8822882e-02		-2.4496066e-03
2.7720000e+01		-4.8663347e-02		-2.4503176e-03
2.7740000e+01		-4.8503996e-02		-2.4510228e-03
2.7760000e+01		-4.8344829e-02		-2.4517221e-03
2.7780000e+01		-4.8185846e-02		-2.4524156e-03
2.7800000e+01		-4.8027046e-02		-2.4531032e-03
2.7820000e+01		-4.7868431e-02		-2.4537851e-03
2.7840000e+01		-4.7710000e-02		-2.4544613e-03
2.7860000e+01		-4.7551754e-02		-2.4551318e-03
2.7880000e+01		-4.7393691e-02		-2.4557966e-03
2.7900000e+01		-4.7235812e-02		-2.4564558e-03
2.7920000e+01		-4.7078117e-02		-2.4571094e-03
2.7940000e+01		-4.6920606e-02		-2.4577575e-03
2.7960000e+01		-4.6763280e-02		-2.4584000e-03
2.7980000e+01		-4.6606137e-02		-2.4590370e-03
2.8000000e+01		-4.6449179e-02		-2.4596686e-03
2.8020000e+01		-4.6292404e-02		-2.4602947e-03
2.8040000e+01		-4.6135813e-02		-2.4609154e-03
2.8060000e+01		-4.5979407e-02		-2.4615308e-03
2.8080000e+01		-4.5823184e-02		-2.4621408e-03
2.8100000e+01		-4.5667145e-02		-2.4627456e-03
2.8120000e+01		-4.5511290e-02		-2.4633450e-03
2.8140000e+01		-4.5355619e-02		-2.4639393e-03
2.8160000e+01		-4.5200131e-02		-2.4645283e-03
2.8180000e+01		-4.5044828e-02		-2.4651122e-03
2.8200000e+01		-4.4889708e-02		-2.4656909e-03
2.8220000e+01		-4.4734771e-02		-2.4662645e-03
2.8240000e+01		-4.4580019e-02		-2.4668330e-03
2.8260000e+01		-4.4425450e-02		-2.4673965e-03
2.8280000e+01		-4.4271064e-02		-2.4679550e-03
2.8300000e+01		-4.4116862e-02		-2.4685085e-03
2.8320000e+01		-4.3962844e-02		-2.4690571e-03
2.8340000e+01		-4.3809008e-02		-2.4696007e-03
2.8360000e+01		-4.3655356e-02		-2.4701394e-03
2.8380000e+01		-4.3501888e-02		-2.4706733e-03
2.8400000e+01		-4.3348602e-02		-2.4712024e-03
2.8420000e+01		-4.3195500e-02		-2.4717266e-03
2.8440000e+01		-4.3042580e-02		-2.4722461e-03
2.8460000e+01		-4.2889844e-02		-2.4727609e-03
2.8480000e+01		-4.2737291e-02		-2.4732710e-03
2.8500000e+01		-4.2584920e-02		-2.4737763e-03
2.8520000e+01		-4.2432732e-02		-2.4742771e-03
2.8540000e+01		-4.2280727e-02		-2.4747732e-03
2.8560000e+01		-4.2128904e-02		-2.4752648e-03
2.8580000e+01		-4.1977264e-02		-2.4757518e-03
2.8600000e+01		-4.1825807e-02		-2.4762342e-03
2.8620000e+01		-4.1674531e-02		-2.4767122e-03
2.8640000e+01		-4.1523438e-02		-2.4771857e-03
2.8660000e+01		-4.1372527e-02		-2.4776548e-03
2.8680000e+01		-4.1221799e-02		-2.4781195e-03
2.8700000e+01		-4.1071252e-02		-2.4785797e-03
2.8720000e+01		-4.0920887e-02		-2.4790357e-03
2.8740000e+01		-4.0770704e-02		-2.4794873e-03
2.8760000e+01		-4.0620702e-02		-2.4799347e-03
2.8780000e+01		-4.0470883e-02		-2.4803777e-03
2.8800000e+01		-4.0321244e-02		-2.4808166e-03
2.8820000e+01		-4.0171787e-02		-2.4812512e-03
2.8840000e+01		-4.0022511e-02		-2.4816817e-03
2.8860000e+01		-3.9873417e-02		-2.4821080e-03
2.8880000e+01		-3.9724503e-02		-2.4825302e-03
2.8900000e+01		-3.9575771e-02		-2.4829483e-03
2.8920000e+01		-3.9427219e-02		-2.4833624e-03
2.8940000e+01		-3.9278848e-02		-2.4837724e-03
2.8960000e+01		-3.9130658e-02		-2.4841784e-03
2.8980000e+01		-3.8982648e-02		-2.4845804e-03
2.9000000e+01		-3.8834818e-02		-2.4849785e-03
2.9020000e+01		-3.8687169e-02		-2.4853727e-03
2.9040000e+01		-3.8539699e-02		-2.4857629e-03
2.9060000e+01		-3.8392410e-02		-2.4861493e-03
2.9080000e+01		-3.8245301e-02		-2.4865319e-03
2.9100000e+01		-3.8098371e-02		-2.4869106e-03
2.9120000e+01		-3.7951621e-02		-2.4872855e-03
2.9140000e+01		-3.7805050e-02		-2.4876567e-03
2.9160000e+01		-3.7658659e-02		-2.4880242e-03
2.9180000e+01		-3.7512446e-02		-2.4883879e-03
2.9200000e+01		-3.7366413e-02		-2.4887480e-03
2.9220000e+01		-3.7220559e-02		-2.4891044e-03
2.9240000e+01		-3.7074884e-02		-2.4894572e-03
2.9260000e+01		-3.6929387e-02		-2.4898064e-03
2.9280000e+01		-3.6784069e-02		-2.4901520e-03
2.9300000e+01		-3.6638929e-02		-2.4904941e-03
2.9320000e+01		-3.6493967e-02		-2.4908326e-03
2.9340000e+01		-3.6349183e-02		-2.4911677e-03
2.9360000e+01		-3.6204577e-02		-2.4914992e-03
2.9380000e+01		-3.6060149e-02		-2.4918274e-03
2.9400000e+01		-3.5915899e-02		-2.4921521e-03
2.9420000e+01		-3.5771826e-02		-2.4924734e-03
2.9440000e+01		-3.5627930e-02		-2.4927913e-03
2.9460000e+01		-3.5484212e-02		-2.4931059e-03
2.9480000e+01		-3.5340670e-02		-2.4934172e-03
2.9500000e+01		-3.5197306e-02		-2.4937252e-03
2.9520000e+01		-3.5054118e-02		-2.4940299e-03
2.9540000e+01		-3.4911106e-02		-2.4943313e-03
2.9560000e+01		-3.4768271e-02		-2.4946296e-03
2.9580000e+01		-3.4625612e-02		-2.4949246e-03
2.9600000e+01		-3.4483129e-02		-2.4952165e-03
2.9620000e+01		-3.4340822e-02		-2.4955052e-03
2.9640000e+01		-3.4198690e-02		-2.4957909e-03
2.9660000e+01		-3.4056735e-02		-2.4960734e-03
2.9680000e+01		-3.3914954e-02		-2.4963528e-03
2.9700000e+01		-3.3773349e-02		-2.4966292e-03
2.9720000e+01		-3.3631918e-02		-2.4969025e-03
2.9740000e+01		-3.3490663e-02		-2.4971729e-03
2.9760000e+01		-3.3349582e-02		-2.4974403e-03
2.9780000e+01		-3.3208676e-02		-2.4977047e-03
2.9800000e+01		-3.3067944e-02		-2.4979662e-03
2.9820000e+01		-3.2927386e-02		-2.4982247e-03
2.9840000e+01		-3.2787002e-02		-2.4984804e-03
2.9860000e+01		-3.2646792e-02		-2.4987333e-03
2.9880000e+01		-3.2506756e-02		-2.4989832e-03
2.9900000e+01		-3.2366893e-02		-2.4992304e-03
2.9920000e+01		-3.2227203e-02		-2.4994748e-03
2.9940000e+01		-3.2087686e-02		-2.4997164e-03
2.9960000e+01		-3.1948342e-02		-2.4999552e-03
2.9980000e+01		-3.1809171e-02		-2.5001913e-03
3.0000000e+01		-3.1670172e-02		-2.5004248e-03
3.0020000e+01		-3.1531346e-02		-2.5006555e-03
3.0040000e+01		-3.1392692e-02		-2.5008836e-03
3.0060000e+01		-3.1254210e-02		-2.5011090e-03
3.0080000e+01		-3.1115899e-02		-2.5013318e-03
3.0100000e+01		-3.0977760e-02		-2.5015520e-03
3.0120000e+01		-3.0839793e-02		-2.5017697e-03
3.0140000e+01		-3.0701996e-02		-2.5019848e-03
3.0160000e+01		-3.0564371e-02		-2.5021973e-03
3.0180000e+01		-3.0426916e-02		-2.5024074e-03
3.0200000e+01		-3.0289632e-02		-2.5026150e-03
3.0220000e+01		-3.0152519e-02		-2.5028201e-03
3.0240000e+01		-3.0015576e-02		-2.5030227e-03
3.0260000e+01		-2.9878802e-02		-2.5032229e-03
3.0280000e+01		-2.9742199e-02		-2.5034208e-03
3.0300000e+01		-2.9605765e-02		-2.5036162e-03
3.0320000e+01		-2.9469500e-02		-2.5038093e-03
3.0340000e+01		-2.9333405e-02		-2.5040000e-03
3.0360000e+01		-2.9197479e-02		-2.5041884e-03
3.0380000e+01		-2.9061722e-02		-2.5043746e-03
3.0400000e+01		-2.8926133e-02		-2.5045584e-03
3.0420000e+01		-2.8790712e-02		-2.5047400e-03
3.0440000e+01		-2.8655460e-02		-2.5049193e-03
3.0460000e+01		-2.8520376e-02		-2.5050964e-03
3.0480000e+01		-2.8385460e-02		-2.5052713e-03
3.0500000e+01		-2.8250711e-02		-2.5054440e-03
3.0520000e+01		-2.8116129e-02		-2.5056146e-03
3.0540000e+01		-2.7981715e-02		-2.5057830e-03
3.0560000e+01		-2.7847468e-02		-2.5059493e-03
3.0580000e+01		-2.7713387e-02		-2.5061135e-03
3.0600000e+01		-2.7579474e-02		-2.5062756e-03
3.0620000e+01		-2.7445726e-02		-2.5064357e-03
3.0640000e+01		-2.7312144e-02		-2.5065937e-03
3.0660000e+01		-2.7178729e-02		-2.5067497e-03
3.0680000e+01		-2.7045479e-02		-2.5069036e-03
3.0700000e+01		-2.6912395e-02		-2.5070556e-03
3.0720000e+01		-2.6779476e-02		-2.5072056e-03
3.0740000e+01		-2.6646722e-02		-2.5073537e-03
3.0760000e+01		-2.6514132e-02		-2.5074998e-03
3.0780000e+01		-2.6381708e-02		-2.5076440e-03
3.0800000e+01		-2.6249448e-02		-2.5077863e-03
3.0820000e+01		-2.6117352e-02		-2.5079267e-03
3.0840000e+01		-2.5985420e-02		-2.5080652e-03
3.0860000e+01		-2.5853652e-02		-2.5082020e-03
3.0880000e+01		-2.5722048e-02		-2.5083369e-03
3.0900000e+01		-2.5590606e-02		-2.5084699e-03
3.0920000e+01		-2.5459328e-02		-2.5086012e-03
3.0940000e+01		-2.5328213e-02		-2.5087307e-03
3.0960000e+01		-2.5197261e-02		-2.5088585e-03
3.0980000e+01		-2.5066471e-02		-2.5089845e-03
3.1000000e+01		-2.4935843e-02		-2.5091088e-03
3.1020000e+01		-2.4805377e-02		-2.5092314e-03
3.1040000e+01		-2.4675073e-02		-2.5093523e-03
3.1060000e+01		-2.4544931e-02		-2.5094716e-03
3.1080000e+01		-2.4414950e-02		-2.5095891e-03
3.1100000e+01		-2.4285130e-02		-2.5097051e-03
3.1120000e+01		-2.4155471e-02		-2.5098194e-03
3.1140000e+01		-2.4025973e-02		-2.5099321e-03
3.1160000e+01		-2.3896635e-02		-2.5100433e-03
3.1180000e+01		-2.3767457e-02		-2.5101528e-03
3.1200000e+01		-2.3638440e-02		-2.5102609e-03
3.1220000e+01		-2.3509582e-02		-2.5103673e-03
3.1240000e+01		-2.3380884e-02		-2.5104723e-03
3.1260000e+01		-2.3252345e-02		-2.5105757e-03
3.1280000e+01		-2.3123965e-02		-2.5106777e-03
3.1300000e+01		-2.2995745e-02		-2.5107781e-03
3.1320000e+01		-2.2867682e-02		-2.5108772e-03
3.1340000e+01		-2.2739779e-02		-2.5109747e-03
3.1360000e+01		-2.2612033e-02		-2.5110709e-03
3.1380000e+01		-2.2484446e-02		-2.5111656e-03
3.1400000e+01		-2.2357016e-02		-2.5112589e-03
3.1420000e+01		-2.2229744e-02		-2.5113509e-03
3.1440000e+01		-2.2102629e-02		-2.5114415e-03
3.1460000e+01		-2.1975671e-02		-2.5115307e-03
3.1480000e+01		-2.1848870e-02		-2.5116186e-03
3.1500000e+01		-2.1722226e-02		-2.5117052e-03
3.1520000e+01		-2.1595738e-02		-2.5117904e-03
3.1540000e+01		-2.1469406e-02		-2.5118744e-03
3.1560000e+01		-2.1343230e-02		-2.5119571e-03
3.1580000e+01		-2.1217210e-02		-2.5120385e-03
3.1600000e+01		-2.1091345e-02		-2.5121187e-03
3.1620000e+01		-2.0965636e-02		-2.5121976e-03
3.1640000e+01		-2.0840082e-02		-2.5122753e-03
3.1660000e+01		-2.0714682e-02		-2.5123518e-03
3.1680000e+01		-2.0589437e-02		-2.5124271e-03
3.1700000e+01		-2.0464346e-02		-2.5125013e-03
3.1720000e+01		-2.0339409e-02		-2.5125742e-03
3.1740000e+01		-2.0214627e-02		-2.5126460e-03
3.1760000e+01		-2.0089997e-02		-2.5127167e-03
3.1780000e+01		-1.9965521e-02		-2.5127863e-03
3.1800000e+01		-1.9841199e-02		-2.5128547e-03
3.1820000e+01		-1.9717029e-02		-2.5129220e-03
3.1840000e+01		-1.9593012e-02		-2.5129883e-03
3.1860000e+01		-1.9469147e-02		-2.5130535e-03
3.1880000e+01		-1.9345435e-02		-2.5131176e-03
3.1900000e+01		-1.9221875e-02		-2.5131807e-03
3.1920000e+01		-1.9098466e-02		-2.5132427e-03
3.1940000e+01		-1.8975209e-02		-2.5133037e-03
3.1960000e+01		-1.8852103e-02		-2.5133638e-03
3.1980000e+01		-1.8729149e-02		-2.5134228e-03
3.2000000e+01		-1.8606345e-02		-2.5134808e-03
3.2020000e+01		-1.8483691e-02		-2.5135379e-03
3.2040000e+01		-1.8361189e-02		-2.5135940e-03
3.2060000e+01		-1.8238836e-02		-2.5136491e-03
3.2080000e+01		-1.8116633e-02		-2.5137034e-03
3.2100000e+01		-1.7994580e-02		-2.5137567e-03
3.2120000e+01		-1.7872676e-02		-2.5138091e-03
3.2140000e+01		-1.7750922e-02		-2.5138606e-03
3.2160000e+01		-1.7629316e-02		-2.5139112e-03
3.2180000e+01		-1.7507859e-02		-2.5139609e-03
3.2200000e+01		-1.7386551e-02		-2.5140098e-03
3.2220000e+01		-1.7265391e-02		-2.5140578e-03
3.2240000e+01		-1.7144379e-02		-2.5141050e-03
3.2260000e+01		-1.7023514e-02		-2.5141513e-03
3.2280000e+01		-1.6902798e-02		-2.5141969e-03
3.2300000e+01		-1.6782228e-02		-2.5142416e-03
3.2320000e+01		-1.6661806e-02		-2.5142855e-03
3.2340000e+01		-1.6541531e-02		-2.5143287e-03
3.2360000e+01		-1.6421402e-02		-2.5143711e-03
3.2380000e+01		-1.6301419e-02		-2.5144127e-03
3.2400000e+01		-1.6181583e-02		-2.5144536e-03
3.2420000e+01		-1.6061893e-02		-2.5144937e-03
3.2440000e+01		-1.5942348e-02		-2.5145331e-03
3.2460000e+01		-1.5822949e-02		-2.5145718e-03
3.2480000e+01		-1.5703695e-02		-2.5146097e-03
3.2500000e+01		-1.5584586e-02		-2.5146470e-03
3.2520000e+01		-1.5465622e-02		-2.5146836e-03
3.2540000e+01		-1.5346803e-02		-2.5147195e-03
3.2560000e+01		-1.5228127e-02		-2.5147547e-03
3.2580000e+01		-1.5109596e-02		-2.5147893e-03
3.2600000e+01		-1.4991208e-02		-2.5148232e-03
3.2620000e+01		-1.4872965e-02		-2.5148565e-03
3.2640000e+01		-1.4754864e-02		-2.5148892e-03
3.2660000e+01		-1.4636907e-02		-2.5149212e-03
3.2680000e+01		-1.4519092e-02		-2.5149526e-03
3.2700000e+01		-1.4401420e-02		-2.5149835e-03
3.2720000e+01		-1.4283891e-02		-2.5150137e-03
3.2740000e+01		-1.4166504e-02		-2.5150434e-03
3.2760000e+01		-1.4049258e-02		-2.5150724e-03
3.2780000e+01		-1.3932155e-02		-2.5151010e-03
3.2800000e+01		-1.3815193e-02		-2.5151289e-03
3.2820000e+01		-1.3698372e-02		-2.5151564e-03
3.2840000e+01		-1.3581692e-02		-2.5151833e-03
3.2860000e+01		-1.3465153e-02		-2.5152096e-03
3.2880000e+01		-1.3348755e-02		-2.5152355e-03
3.2900000e+01		-1.3232497e-02		-2.5152608e-03
3.2920000e+01		-1.3116379e-02		-2.5152856e-03
3.2940000e+01		-1.3000401e-02		-2.5153100e-03
3.2960000e+01		-1.2884563e-02		-2.5153338e-03
3.2980000e+01		-1.2768864e-02		-2.5153572e-03
3.3000000e+01		-1.2653304e-02		-2.5153801e-03
3.3020000e+01		-1.2537883e-02		-2.5154026e-03
3.3040000e+01		-1.2422601e-02		-2.5154246e-03
3.3060000e+01		-1.2307457e-02		-2.5154461e-03
3.3080000e+01		-1.2192452e-02		-2.5154673e-03
3.3100000e+01		-1.2077584e-02		-2.5154880e-03
3.3120000e+01		-1.1962855e-02		-2.5155082e-03
3.3140000e+01		-1.1848262e-02		-2.5155281e-03
3.3160000e+01		-1.1733808e-02		-2.5155476e-03
3.3180000e+01		-1.1619490e-02		-2.5155666e-03
3.3200000e+01		-1.1505309e-02		-2.5155853e-03
3.3220000e+01		-1.1391265e-02		-2.5156036e-03
3.3240000e+01		-1.1277358e-02		-2.5156215e-03
3.3260000e+01		-1.1163586e-02		-2.5156391e-03
3.3280000e+01		-1.1049951e-02		-2.5156563e-03
3.3300000e+01		-1.0936451e-02		-2.5156731e-03
3.3320000e+01		-1.0823087e-02		-2.5156896e-03
3.3340000e+01		-1.0709858e-02		-2.5157058e-03
3.3360000e+01		-1.0596764e-02		-2.5157216e-03
3.3380000e+01		-1.0483804e-02		-2.5157371e-03
3.3400000e+01		-1.0370980e-02		-2.5157523e-03
3.3420000e+01		-1.0258290e-02		-2.5157672e-03
3.3440000e+01		-1.0145734e-02		-2.5157817e-03
3.3460000e+01		-1.0033311e-02		-2.5157960e-03
3.3480000e+01		-9.9210230e-03		-2.5158100e-03
3.3500000e+01		-9.8088680e-03		-2.5158237e-03
3.3520000e+01		-9.6968463e-03		-2.5158371e-03
3.3540000e+01		-9.5849575e-03		-2.5158502e-03
3.3560000e+01		-9.4732015e-03		-2.5158631e-03
3.3580000e+01		-9.3615781e-03		-2.5158757e-03
3.3600000e+01		-9.2500870e-03		-2.5158880e-03
3.3620000e+01		-9.1387281e-03		-2.5159001e-03
3.3640000e+01		-9.0275010e-03		-2.5159120e-03
3.3660000e+01		-8.9164055e-03		-2.5159236e-03
3.3680000e+01		-8.8054415e-03		-2.5159350e-03
3.3700000e+01		-8.6946087e-03		-2.5159461e-03
3.3720000e+01		-8.5839069e-03		-2.5159571e-03
3.3740000e+01		-8.4733359e-03		-2.5159678e-03
3.3760000e+01		-8.3628954e-03		-2.5159783e-03
3.3780000e+01		-8.2525853e-03		-2.5159886e-03
3.3800000e+01		-8.1424052e-03		-2.5159987e-03
3.3820000e+01		-8.0323550e-03		-2.5160086e-03
3.3840000e+01		-7.9224344e-03		-2.5160183e-03
3.3860000e+01		-7.8126433e-03		-2.5160279e-03
3.3880000e+01		-7.7029814e-03		-2.5160372e-03
3.3900000e+01		-7.5934485e-03		-2.5160464e-03
3.3920000e+01		-7.4840444e-03		-2.5160554e-03
3.3940000e+01		-7.3747688e-03		-2.5160643e-03
3.3960000e+01		-7.2656215e-03		-2.5160729e-03
3.3980000e+01		-7.1566024e-03		-2.5160815e-03
3.4000000e+01		-7.0477111e-03		-2.5160898e-03
3.4020000e+01		-6.9389476e-03		-2.5160981e-03
3.4040000e+01		-6.8303114e-03		-2.5161062e-03
3.4060000e+01		-6.7218026e-03		-2.5161141e-03
3.4080000e+01		-6.6134207e-03		-2.5161219e-03
3.4100000e+01		-6.5051656e-03		-2.5161296e-03
3.4120000e+01		-6.3970371e-03		-2.5161371e-03
3.4140000e+01		-6.2890350e-03		-2.5161446e-03
3.4160000e+01		-6.1811590e-03		-2.5161519e-03
3.4180000e+01		-6.0734090e-03		-2.5161591e-03
3.4200000e+01		-5.9657847e-03		-2.5161662e-03
3.4220000e+01		-5.8582859e-03		-2.5161732e-03
3.4240000e+01		-5.7509124e-03		-2.5161800e-03
3.4260000e+01		-5.6436639e-03		-2.5161868e-03
3.4280000e+01		-5.5365403e-03		-2.5161935e-03
3.4300000e+01		-5.4295414e-03		-2.5162001e-03
3.4320000e+01		-5.3226668e-03		-2.5162066e-03
3.4340000e+01		-5.2159165e-03		-2.5162130e-03
3.4360000e+01		-5.1092902e-03		-2.5162193e-03
3.4380000e+01		-5.0027877e-03		-2.5162255e-03
3.4400000e+01		-4.8964088e-03		-2.5162317e-03
3.4420000e+01		-4.7901532e-03		-2.5162378e-03
3.4440000e+01		-4.6840208e-03		-2.5162438e-03
3.4460000e+01		-4.5780113e-03		-2.5162498e-03
3.4480000e+01		-4.4721246e-03		-2.5162557e-03
3.4500000e+01		-4.3663603e-03		-2.5162615e-03
3.4520000e+01		-4.2607184e-03		-2.5162673e-03
3.4540000e+01		-4.1551986e-03		-2.5162730e-03
3.4560000e+01		-4.0498007e-03		-2.5162787e-03
3.4580000e+01		-3.9445245e-03		-2.5162843e-03
3.4600000e+01		-3.8393697e-03		-2.5162898e-03
3.4620000e+01		-3.7343362e-03		-2.5162953e-03
3.4640000e+01		-3.6294237e-03		-2.5163008e-03
3.4660000e+01		-3.5246322e-03		-2.5163062e-03
3.4680000e+01		-3.4199612e-03		-2.5163116e-03
3.4700000e+01		-3.3154107e-03		-2.5163170e-03
3.4720000e+01		-3.2109804e-03		-2.5163223e-03
3.4740000e+01		-3.1066701e-03		-2.5163275e-03
3.4760000e+01		-3.0024797e-03		-2.5163328e-03
3.4780000e+01		-2.8984089e-03		-2.5163380e-03
3.4800000e+01		-2.7944574e-03		-2.5163432e-03
3.4820000e+01		-2.6906252e-03		-2.5163483e-03
3.4840000e+01		-2.5869120e-03		-2.5163534e-03
3.4860000e+01		-2.4833175e-03		-2.5163585e-03
3.4880000e+01		-2.3798417e-03		-2.5163636e-03
3.4900000e+01		-2.2764842e-03		-2.5163687e-03
3.4920000e+01		-2.1732450e-03		-2.5163737e-03
3.4940000e+01		-2.0701237e-03		-2.5163787e-03
3.4960000e+01		-1.9671202e-03		-2.5163837e-03
3.4980000e+01		-1.8642343e-03		-2.5163887e-03
3.5000000e+01		-1.7614657e-03		-2.5163937e-03
3.5020000e+01		-1.6588144e-03		-2.5163987e-03
3.5040000e+01		-1.5562800e-03		-2.5164036e-03
3.5060000e+01		-1.4538624e-03		-2.5164085e-03
3.5080000e+01		-1.3515614e-03		-2.5164135e-03
3.5100000e+01		-1.2493768e-03		-2.5164184e-03
3.5120000e+01		-1.1473083e-03		-2.5164233e-03
3.5140000e+01		-1.0453559e-03		-2.5164282e-03
3.5160000e+01		-9.4351919e-04		-2.5164331e-03
3.5180000e+01		-8.4179811e-04		-2.5164379e-03
3.5200000e+01		-7.4019242e-04		-2.5164428e-03
3.5220000e+01		-6.3870193e-04		-2.5164477e-03
3.5240000e+01		-5.3732645e-04		-2.5164525e-03
3.5260000e+01		-4.3606578e-04		-2.5164574e-03
3.5280000e+01		-3.3491971e-04		-2.5164622e-03
3.5300000e+01		-2.3388807e-04		-2.5164671e-03
3.5320000e+01		-1.3297065e-04		-2.5164719e-03
3.5340000e+01		-3.2167264e-05		-2.5164767e-03
3.5360000e+01		6.8522286e-05		-2.5164816e-03
3.5380000e+01		1.6909819e-04		-2.5164864e-03
3.5400000e+01		2.6956064e-04		-2.5164912e-03
3.5420000e+01		3.6990983e-04		-2.5164960e-03
3.5440000e+01		4.7014596e-04		-2.5165008e-03
3.5460000e+01		5.7026920e-04		-2.5165056e-03
3.5480000e+01		6.7027975e-04		-2.5165104e-03
3.5500000e+01		7.7017781e-04		-2.5165152e-03
3.5520000e+01		8.6996356e-04		-2.5165199e-03
3.5540000e+01		9.6963719e-04		-2.5165247e-03
3.5560000e+01		1.0691989e-03		-2.5165295e-03
3.5580000e+01		1.1686488e-03		-2.5165342e-03
3.5600000e+01		1.2679872e-03		-2.5165389e-03
3.5620000e+01		1.3672143e-03		-2.5165437e-03
3.5640000e+01		1.4663301e-03		-2.5165484e-03
3.5660000e+01		1.5653350e-03		-2.5165531e-03
3.5680000e+01		1.6642291e-03		-2.5165578e-03
3.5700000e+01		1.7630125e-03		-2.5165624e-03
3.5720000e+01		1.8616855e-03		-2.5165671e-03
3.5740000e+01		1.9602482e-03		-2.5165717e-03
3.5760000e+01		2.0587009e-03		-2.5165763e-03
3.5780000e+01		2.1570437e-03		-2.5165810e-03
3.5800000e+01		2.2552768e-03		-2.5165855e-03
3.5820000e+01		2.3534004e-03		-2.5165901e-03
3.5840000e+01		2.4514146e-03		-2.5165946e-03
3.5860000e+01		2.5493197e-03		-2.5165991e-03
3.5880000e+01		2.6471158e-03		-2.5166036e-03
3.5900000e+01		2.7448031e-03		-2.5166081e-03
3.5920000e+01		2.8423818e-03		-2.5166125e-03
3.5940000e+01		2.9398521e-03		-2.5166169e-03
3.5960000e+01		3.0372141e-03		-2.5166213e-03
3.5980000e+01		3.1344681e-03		-2.5166256e-03
3.6000000e+01		3.2316141e-03		-2.5166299e-03
3.6020000e+01		3.3286525e-03		-2.5166341e-03
3.6040000e+01		3.4255833e-03		-2.5166383e-03
3.6060000e+01		3.5224067e-03		-2.5166425e-03
3.6080000e+01		3.6191230e-03		-2.5166466e-03
3.6100000e+01		3.7157322e-03		-2.5166507e-03
3.6120000e+01		3.8122347e-03		-2.5166547e-03
3.6140000e+01		3.9086304e-03		-2.5166587e-03
3.6160000e+01		4.0049197e-03		-2.5166626e-03
3.6180000e+01		4.1011027e-03		-2.5166665e-03
3.6200000e+01		4.1971795e-03		-2.5166703e-03
3.6220000e+01		4.2931504e-03		-2.5166740e-03
3.6240000e+01		4.3890155e-03		-2.5166777e-03
3.6260000e+01		4.4847750e-03		-2.5166813e-03
3.6280000e+01		4.5804290e-03		-2.5166848e-03
3.6300000e+01		4.6759778e-03		-2.5166883e-03
3.6320000e+01		4.7714215e-03		-2.5166917e-03
3.6340000e+01		4.8667602e-03		-2.5166950e-03
3.6360000e+01		4.9619942e-03		-2.5166982e-03
3.6380000e+01		5.0571236e-03		-2.5167014e-03
3.6400000e+01		5.1521486e-03		-2.5167045e-03
3.6420000e+01		5.2470693e-03		-2.5167074e-03
3.6440000e+01		5.3418859e-03		-2.5167103e-03
3.6460000e+01		5.4365987e-03		-2.5167131e-03
3.6480000e+01		5.5312076e-03		-2.5167158e-03
3.6500000e+01		5.6257130e-03		-2.5167184e-03
3.6520000e+01		5.7201150e-03		-2.5167209e-03
3.6540000e+01		5.8144137e-03		-2.5167232e-03
3.6560000e+01		5.9086094e-03		-2.5167255e-03
3.6580000e+01		6.0027021e-03		-2.5167276e-03
3.6600000e+01		6.0966920e-03		-2.5167297e-03
3.6620000e+01		6.1905794e-03		-2.5167316e-03
3.6640000e+01		6.2843644e-03		-2.5167333e-03
3.6660000e+01		6.3780470e-03		-2.5167350e-03
3.6680000e+01		6.4716276e-03		-2.5167365e-03
3.6700000e+01		6.5651062e-03		-2.5167378e-03
3.6720000e+01		6.6584831e-03		-2.5167391e-03
3.6740000e+01		6.7517583e-03		-2.5167401e-03
3.6760000e+01		6.8449321e-03		-2.5167411e-03
3.6780000e+01		6.9380046e-03		-2.5167419e-03
3.6800000e+01		7.0309759e-03		-2.5167425e-03
3.6820000e+01		7.1238463e-03		-2.5167429e-03
3.6840000e+01		7.2166158e-03		-2.5167432e-03
3.6860000e+01		7.3092847e-03		-2.5167433e-03
3.6880000e+01		7.4018530e-03		-2.5167433e-03
3.6900000e+01		7.4943210e-03		-2.5167431e-03
3.6920000e+01		7.5866888e-03		-2.5167426e-03
3.6940000e+01		7.6789566e-03		-2.5167420e-03
3.6960000e+01		7.7711245e-03		-2.5167412e-03
3.6980000e+01		7.8631927e-03		-2.5167403e-03
3.7000000e+01		7.9551613e-03		-2.5167391e-03
3.7020000e+01		8.0470305e-03		-2.5167377e-03
3.7040000e+01		8.1388004e-03		-2.5167360e-03
3.7060000e+01		8.2304712e-03		-2.5167342e-03
3.7080000e+01		8.3220430e-03		-2.5167322e-03
3.7100000e+01		8.4135160e-03		-2.5167299e-03
3.7120000e+01		8.5048904e-03		-2.5167274e-03
3.7140000e+01		8.5961663e-03		-2.5167247e-03
3.7160000e+01		8.6873438e-03		-2.5167217e-03
3.7180000e+01		8.7784231e-03		-2.5167185e-03
3.7200000e+01		8.8694043e-03		-2.5167150e-03
3.7220000e+01		8.9602877e-03		-2.5167113e-03
3.7240000e+01		9.0510733e-03		-2.5167073e-03
3.7260000e+01		9.1417612e-03		-2.5167030e-03
3.7280000e+01		9.2323517e-03		-2.5166985e-03
3.7300000e+01		9.3228449e-03		-2.5166937e-03
3.7320000e+01		9.4132410e-03		-2.5166886e-03
3.7340000e+01		9.5035400e-03		-2.5166832e-03
3.7360000e+01		9.5937421e-03		-2.5166776e-03
3.7380000e+01		9.6838475e-03		-2.5166716e-03
3.7400000e+01		9.7738563e-03		-2.5166654e-03
3.7420000e+01		9.8637687e-03		-2.5166588e-03
3.7440000e+01		9.9535847e-03		-2.5166519e-03
3.7460000e+01		1.0043305e-02		-2.5166447e-03
3.7480000e+01		1.0132929e-02		-2.5166371e-03
3.7500000e+01		1.0222457e-02		-2.5166293e-03
3.7520000e+01		1.0311889e-02		-2.5166211e-03
3.7540000e+01		1.0401226e-02		-2.5166125e-03
3.7560000e+01		1.0490467e-02		-2.5166036e-03
3.7580000e+01		1.0579613e-02		-2.5165944e-03
3.7600000e+01		1.0668663e-02		-2.5165848e-03
3.7620000e+01		1.0757619e-02		-2.5165748e-03
3.7640000e+01		1.0846480e-02		-2.5165644e-03
3.7660000e+01		1.0935246e-02		-2.5165537e-03
3.7680000e+01		1.1023918e-02		-2.5165425e-03
3.7700000e+01		1.1112495e-02		-2.5165310e-03
3.7720000e+01		1.1200977e-02		-2.5165191e-03
3.7740000e+01		1.1289366e-02		-2.5165068e-03
3.7760000e+01		1.1377660e-02		-2.5164940e-03
3.7780000e+01		1.1465861e-02		-2.5164809e-03
3.7800000e+01		1.1553967e-02		-2.5164673e-03
3.7820000e+01		1.1641980e-02		-2.5164533e-03
3.7840000e+01		1.1729900e-02		-2.5164388e-03
3.7860000e+01		1.1817726e-02		-2.5164239e-03
3.7880000e+01		1.1905458e-02		-2.5164086e-03
3.7900000e+01		1.1993098e-02		-2.5163928e-03
3.7920000e+01		1.2080645e-02		-2.5163765e-03
3.7940000e+01		1.2168098e-02		-2.5163597e-03
3.7960000e+01		1.2255459e-02		-2.5163425e-03
3.7980000e+01		1.2342728e-02		-2.5163248e-03
3.8000000e+01		1.2429904e-02		-2.5163066e-03
3.8020000e+01		1.2516987e-02		-2.5162879e-03
3.8040000e+01		1.2603979e-02		-2.5162687e-03
3.8060000e+01		1.2690878e-02		-2.5162489e-03
3.8080000e+01		1.2777685e-02		-2.5162287e-03
3.8100000e+01		1.2864400e-02		-2.5162079e-03
3.8120000e+01		1.2951024e-02		-2.5161866e-03
3.8140000e+01		1.3037556e-02		-2.5161647e-03
3.8160000e+01		1.3123997e-02		-2.5161423e-03
3.8180000e+01		1.3210346e-02		-2.5161193e-03
3.8200000e+01		1.3296604e-02		-2.5160958e-03
3.8220000e+01		1.3382771e-02		-2.5160717e-03
3.8240000e+01		1.3468847e-02		-2.5160470e-03
3.8260000e+01		1.3554832e-02		-2.5160217e-03
3.8280000e+01		1.3640727e-02		-2.5159959e-03
3.8300000e+01		1.3726531e-02		-2.5159694e-03
3.8320000e+01		1.3812244e-02		-2.5159423e-03
3.8340000e+01		1.3897867e-02		-2.5159146e-03
3.8360000e+01		1.3983400e-02		-2.5158862e-03
3.8380000e+01		1.4068843e-02		-2.5158573e-03
3.8400000e+01		1.4154195e-02		-2.5158277e-03
3.8420000e+01		1.4239458e-02		-2.5157974e-03
3.8440000e+01		1.4324631e-02		-2.5157665e-03
3.8460000e+01		1.4409715e-02		-2.5157349e-03
3.8480000e+01		1.4494708e-02		-2.5157026e-03
3.8500000e+01		1.4579613e-02		-2.5156697e-03
3.8520000e+01		1.4664428e-02		-2.5156360e-03
3.8540000e+01		1.4749154e-02		-2.5156017e-03
3.8560000e+01		1.4833791e-02		-2.5155667e-03
3.8580000e+01		1.4918339e-02		-2.5155309e-03
3.8600000e+01		1.5002798e-02		-2.5154944e-03
3.8620000e+01		1.5087169e-02		-2.5154572e-03
3.8640000e+01		1.5171451e-02		-2.5154193e-03
3.8660000e+01		1.5255644e-02		-2.5153805e-03
3.8680000e+01		1.5339749e-02		-2.5153411e-03
3.8700000e+01		1.5423766e-02		-2.5153009e-03
3.8720000e+01		1.5507694e-02		-2.5152599e-03
3.8740000e+01		1.5591535e-02		-2.5152181e-03
3.8760000e+01		1.5675288e-02		-2.5151755e-03
3.8780000e+01		1.5758952e-02		-2.5151321e-03
3.8800000e+01		1.5842530e-02		-2.5150879e-03
3.8820000e+01		1.5926019e-02		-2.5150429e-03
3.8840000e+01		1.6009421e-02		-2.5149971e-03
3.8860000e+01		1.6092736e-02		-2.5149504e-03
3.8880000e+01		1.6175963e-02		-2.5149029e-03
3.8900000e+01		1.6259103e-02		-2.5148545e-03
3.8920000e+01		1.6342156e-02		-2.5148053e-03
3.8940000e+01		1.6425123e-02		-2.5147552e-03
3.8960000e+01		1.6508002e-02		-2.5147042e-03
3.8980000e+01		1.6590795e-02		-2.5146523e-03
3.9000000e+01		1.6673501e-02		-2.5145996e-03
3.9020000e+01		1.6756120e-02		-2.5145459e-03
3.9040000e+01		1.6838653e-02		-2.5144913e-03
3.9060000e+01		1.6921100e-02		-2.5144357e-03
3.9080000e+01		1.7003460e-02		-2.5143793e-03
3.9100000e+01		1.7085735e-02		-2.5143219e-03
3.9120000e+01		1.7167923e-02		-2.5142635e-03
3.9140000e+01		1.7250025e-02		-2.5142042e-03
3.9160000e+01		1.7332042e-02		-2.5141439e-03
3.9180000e+01		1.7413973e-02		-2.5140826e-03
3.9200000e+01		1.7495818e-02		-2.5140203e-03
3.9220000e+01		1.7577578e-02		-2.5139570e-03
3.9240000e+01		1.7659252e-02		-2.5138928e-03
3.9260000e+01		1.7740841e-02		-2.5138274e-03
3.9280000e+01		1.7822345e-02		-2.5137611e-03
3.9300000e+01		1.7903764e-02		-2.5136937e-03
3.9320000e+01		1.7985097e-02		-2.5136253e-03
3.9340000e+01		1.8066346e-02		-2.5135558e-03
3.9360000e+01		1.8147510e-02		-2.5134852e-03
3.9380000e+01		1.8228589e-02		-2.5134136e-03
3.9400000e+01		1.8309584e-02		-2.5133408e-03
3.9420000e+01		1.8390494e-02		-2.5132670e-03
3.9440000e+01		1.8471319e-02		-2.5131920e-03
3.9460000e+01		1.8552060e-02		-2.5131160e-03
3.9480000e+01		1.8632717e-02		-2.5130388e-03
3.9500000e+01		1.8713290e-02		-2.5129604e-03
3.9520000e+01		1.8793779e-02		-2.5128809e-03
3.9540000e+01		1.8874183e-02		-2.5128003e-03
3.9560000e+01		1.8954504e-02		-2.5127185e-03
3.9580000e+01		1.9034741e-02		-2.5126355e-03
3.9600000e+01		1.9114894e-02		-2.5125513e-03
3.9620000e+01		1.9194964e-02		-2.5124659e-03
3.9640000e+01		1.9274950e-02		-2.5123792e-03
3.9660000e+01		1.9354853e-02		-2.5122914e-03
3.9680000e+01		1.9434672e-02		-2.5122023e-03
3.9700000e+01		1.9514408e-02		-2.5121120e-03
3.9720000e+01		1.9594061e-02		-2.5120205e-03
3.9740000e+01		1.9673631e-02		-2.5119276e-03
3.9760000e+01		1.9753117e-02		-2.5118335e-03
3.9780000e+01		1.9832521e-02		-2.5117381e-03
3.9800000e+01		1.9911842e-02		-2.5116414e-03
3.9820000e+01		1.9991080e-02		-2.5115434e-03
3.9840000e+01		2.0070236e-02		-2.5114441e-03
3.9860000e+01		2.0149309e-02		-2.5113435e-03
3.9880000e+01		2.0228299e-02		-2.5112415e-03
3.9900000e+01		2.0307208e-02		-2.5111382e-03
3.9920000e+01		2.0386033e-02		-2.5110335e-03
3.9940000e+01		2.0464777e-02		-2.5109274e-03
3.9960000e+01		2.0543438e-02		-2.5108199e-03
3.9980000e+01		2.0622017e-02		-2.5107111e-03
4.0000000e+01		2.0700515e-02		0.0000000e+00
