0.0000000e+00		1.0000000e+00		0.0000000e+00
2.0000000e-02		9.9993334e-01		1.0654455e-09
4.0000000e-02		9.9973364e-01		8.5119251e-09
6.0000000e-02		9.9940134e-01		2.8674964e-08
8.0000000e-02		9.9893711e-01		6.7809035e-08
1.0000000e-01		9.9834183e-01		1.3205347e-07
1.2000000e-01		9.9761658e-01		2.2739971e-07
1.4000000e-01		9.9676266e-01		3.5966007e-07
1.6000000e-01		9.9578158e-01		5.3443846e-07
1.8000000e-01		9.9467501e-01		7.5710311e-07
2.0000000e-01		9.9344484e-01		1.0327617e-06
2.2000000e-01		9.9209311e-01		1.3662387e-06
2.4000000e-01		9.9062203e-01		1.7620562e-06
2.6000000e-01		9.8903398e-01		2.2244162e-06
2.8000000e-01		9.8733148e-01		2.7571867e-06
3.0000000e-01		9.8551716e-01		3.3638906e-06
3.2000000e-01		9.8359382e-01		4.0476969e-06
3.4000000e-01		9.8156433e-01		4.8114151e-06
3.6000000e-01		9.7943170e-01		5.6574925e-06
3.8000000e-01		9.7719898e-01		6.5880135e-06
4.0000000e-01		9.7486936e-01		7.6047021e-06
4.2000000e-01		9.7244605e-01		8.7089265e-06
4.4000000e-01		9.6993233e-01		9.9017056e-06
4.6000000e-01		9.6733153e-01		1.1183718e-05
4.8000000e-01		9.6464701e-01		1.2555313e-05
5.0000000e-01		9.6188217e-01		1.4016522e-05
5.2000000e-01		9.5904041e-01		1.5567072e-05
5.4000000e-01		9.5612512e-01		1.7206401e-05
5.6000000e-01		9.5313972e-01		1.8933676e-05
5.8000000e-01		9.5008760e-01		2.0747804e-05
6.0000000e-01		9.4697212e-01		2.2647455e-05
6.2000000e-01		9.4379664e-01		2.4631076e-05
6.4000000e-01		9.4056445e-01		2.6696912e-05
6.6000000e-01		9.3727884e-01		2.8843020e-05
6.8000000e-01		9.3394301e-01		3.1067290e-05
7.0000000e-01		9.3056013e-01		3.3367463e-05
7.2000000e-01		9.2713332e-01		3.5741145e-05
7.4000000e-01		9.2366562e-01		3.8185829e-05
7.6000000e-01		9.2016001e-01		4.0698906e-05
7.8000000e-01		9.1661941e-01		4.3277686e-05
8.0000000e-01		9.1304665e-01		4.5919410e-05
8.2000000e-01		9.0944450e-01		4.8621264e-05
8.4000000e-01		9.0581565e-01		5.1380396e-05
8.6000000e-01		9.0216270e-01		5.4193925e-05
8.8000000e-01		8.9848818e-01		5.7058958e-05
9.0000000e-01		8.9479455e-01		5.9972596e-05
9.2000000e-01		8.9108416e-01		6.2931947e-05
9.4000000e-01		8.8735930e-01		6.5934135e-05
9.6000000e-01		8.8362217e-01		6.8976311e-05
9.8000000e-01		8.7987489e-01		7.2055657e-05
1.0000000e+00		8.7611950e-01		7.5169398e-05
1.0200000e+00		8.7235795e-01		7.8314804e-05
1.0400000e+00		8.6859213e-01		8.1489199e-05
1.0600000e+00		8.6482382e-01		8.4689965e-05
1.0800000e+00		8.6105475e-01		8.7914543e-05
1.1000000e+00		8.5728656e-01		9.1160445e-05
1.1200000e+00		8.5352083e-01		9.4425247e-05
1.1400000e+00		8.4975904e-01		9.7706600e-05
1.1600000e+00		8.4600262e-01		1.0100223e-04
1.1800000e+00		8.4225293e-01		1.0430993e-04
1.2000000e+00		8.3851125e-01		1.0762759e-04
1.2200000e+00		8.3477879e-01		1.1095315e-04
1.2400000e+00		8.3105672e-01		1.1428464e-04
1.2600000e+00		8.2734613e-01		1.1762019e-04
1.2800000e+00		8.2364804e-01		1.2095797e-04
1.3000000e+00		8.1996344e-01		1.2429625e-04
1.3200000e+00		8.1629323e-01		1.2763338e-04
1.3400000e+00		8.1263829e-01		1.3096777e-04
1.3600000e+00		8.0899942e-01		1.3429791e-04
1.3800000e+00		8.0537737e-01		1.3762238e-04
1.4000000e+00		8.0177287e-01		1.4093981e-04
1.4200000e+00		7.9818657e-01		1.4424891e-04
1.4400000e+00		7.9461908e-01		1.4754845e-04
1.4600000e+00		7.9107100e-01		1.5083729e-04
1.4800000e+00		7.8754284e-01		1.5411432e-04
1.5000000e+00		7.8403510e-01		1.5737853e-04
1.5200000e+00		7.8054824e-01		1.6062895e-04
1.5400000e+00		7.7708267e-01		1.6386467e-04
1.5600000e+00		7.7363878e-01		1.6708484e-04
1.5800000e+00		7.7021692e-01		1.7028867e-04
1.6000000e+00		7.6681741e-01		1.7347541e-04
1.6200000e+00		7.6344054e-01		1.7664437e-04
1.6400000e+00		7.6008656e-01		1.7979493e-04
1.6600000e+00		7.5675572e-01		1.8292647e-04
1.6800000e+00		7.5344821e-01		1.8603846e-04
1.7000000e+00		7.5016422e-01		1.8913039e-04
1.7200000e+00		7.4690390e-01		1.9220180e-04
1.7400000e+00		7.4366740e-01		1.9525226e-04
1.7600000e+00		7.4045483e-01		1.9828140e-04
1.7800000e+00		7.3726627e-01		2.0128885e-04
1.8000000e+00		7.3410181e-01		2.0427431e-04
1.8200000e+00		7.3096151e-01		2.0723749e-04
1.8400000e+00		7.2784540e-01		2.1017815e-04
1.8600000e+00		7.2475351e-01		2.1309607e-04
1.8800000e+00		7.2168584e-01		2.1599104e-04
1.9000000e+00		7.1864240e-01		2.1886292e-04
1.9200000e+00		7.1562316e-01		2.2171155e-04
1.9400000e+00		7.1262809e-01		2.2453683e-04
1.9600000e+00		7.0965714e-01		2.2733865e-04
1.9800000e+00		7.0671028e-01		2.3011696e-04
2.0000000e+00		7.0378741e-01		2.3287168e-04
2.0200000e+00		7.0088848e-01		2.3560281e-04
2.0400000e+00		6.9801340e-01		2.3831031e-04
2.0600000e+00		6.9516207e-01		2.4099419e-04
2.0800000e+00		6.9233440e-01		2.4365448e-04
2.1000000e+00		6.8953027e-01		2.4629120e-04
2.1200000e+00		6.8674956e-01		2.4890440e-04
2.1400000e+00		6.8399217e-01		2.5149414e-04
2.1600000e+00		6.8125794e-01		2.5406051e-04
2.1800000e+00		6.7854677e-01		2.5660357e-04
2.2000000e+00		6.7585849e-01		2.5912344e-04
2.2200000e+00		6.7319298e-01		2.6162020e-04
2.2400000e+00		6.7055007e-01		2.6409399e-04
2.2600000e+00		6.6792962e-01		2.6654491e-04
2.2800000e+00		6.6533148e-01		2.6897311e-04
2.3000000e+00		6.6275547e-01		2.7137872e-04
2.3200000e+00		6.6020145e-01		2.7376188e-04
2.3400000e+00		6.5766923e-01		2.7612276e-04
2.3600000e+00		6.5515866e-01		2.7846150e-04
2.3800000e+00		6.5266956e-01		2.8077828e-04
2.4000000e+00		6.5020177e-01		2.8307325e-04
2.4200000e+00		6.4775510e-01		2.8534660e-04
2.4400000e+00		6.4532938e-01		2.8759849e-04
2.4600000e+00		6.4292443e-01		2.8982911e-04
2.4800000e+00		6.4054008e-01		2.9203865e-04
2.5000000e+00		6.3817614e-01		2.9422727e-04
2.5200000e+00		6.3583244e-01		2.9639519e-04
2.5400000e+00		6.3350880e-01		2.9854258e-04
2.5600000e+00		6.3120502e-01		3.0066965e-04
2.5800000e+00		6.2892094e-01		3.0277657e-04
2.6000000e+00		6.2665637e-01		3.0486356e-04
2.6200000e+00		6.2441113e-01		3.0693081e-04
2.6400000e+00		6.2218503e-01		3.0897851e-04
2.6600000e+00		6.1997789e-01		3.1100687e-04
2.6800000e+00		6.1778954e-01		3.1301608e-04
2.7000000e+00		6.1561980e-01		3.1500635e-04
2.7200000e+00		6.1346847e-01		3.1697787e-04
2.7400000e+00		6.1133538e-01		3.1893085e-04
2.7600000e+00		6.0922036e-01		3.2086548e-04
2.7800000e+00		6.0712323e-01		3.2278196e-04
2.8000000e+00		6.0504379e-01		3.2468050e-04
2.8200000e+00		6.0298189e-01		3.2656128e-04
2.8400000e+00		6.0093734e-01		3.2842452e-04
2.8600000e+00		5.9890998e-01		3.3027040e-04
2.8800000e+00		5.9689961e-01		3.3209913e-04
2.9000000e+00		5.9490608e-01		3.3391089e-04
2.9200000e+00		5.9292921e-01		3.3570588e-04
2.9400000e+00		5.9096883e-01		3.3748430e-04
2.9600000e+00		5.8902477e-01		3.3924633e-04
2.9800000e+00		5.8709686e-01		3.4099217e-04
3.0000000e+00		5.8518494e-01		3.4272201e-04
3.0200000e+00		5.8328884e-01		3.4443602e-04
3.0400000e+00		5.8140839e-01		3.4613441e-04
3.0600000e+00		5.7954344e-01		3.4781735e-04
3.0800000e+00		5.7769382e-01		3.4948502e-04
3.1000000e+00		5.7585938e-01		3.5113762e-04
3.1200000e+00		5.7403995e-01		3.5277531e-04
3.1400000e+00		5.7223537e-01		3.5439827e-04
3.1600000e+00		5.7044550e-01		3.5600669e-04
3.1800000e+00		5.6867017e-01		3.5760073e-04
3.2000000e+00		5.6690924e-01		3.5918057e-04
3.2200000e+00		5.6516255e-01		3.6074639e-04
3.2400000e+00		5.6342995e-01		3.6229834e-04
3.2600000e+00		5.6171130e-01		3.6383660e-04
3.2800000e+00		5.6000644e-01		3.6536133e-04
3.3000000e+00		5.5831524e-01		3.6687270e-04
3.3200000e+00		5.5663755e-01		3.6837087e-04
3.3400000e+00		5.5497322e-01		3.6985599e-04
3.3600000e+00		5.5332212e-01		3.7132824e-04
3.3800000e+00		5.5168410e-01		3.7278775e-04
3.4000000e+00		5.5005904e-01		3.7423470e-04
3.4200000e+00		5.4844678e-01		3.7566923e-04
3.4400000e+00		5.4684720e-01		3.7709149e-04
3.4600000e+00		5.4526016e-01		3.7850163e-04
3.4800000e+00		5.4368554e-01		3.7989981e-04
3.5000000e+00		5.4212319e-01		3.8128615e-04
3.5200000e+00		5.4057300e-01		3.8266082e-04
3.5400000e+00		5.3903483e-01		3.8402395e-04
3.5600000e+00		5.3750855e-01		3.8537568e-04
3.5800000e+00		5.3599405e-01		3.8671615e-04
3.6000000e+00		5.3449120e-01		3.8804549e-04
3.6200000e+00		5.3299987e-01		3.8936385e-04
3.6400000e+00		5.3151995e-01		3.9067135e-04
3.6600000e+00		5.3005132e-01		3.9196813e-04
3.6800000e+00		5.2859386e-01		3.9325431e-04
3.7000000e+00		5.2714745e-01		3.9453003e-04
3.7200000e+00		5.2571197e-01		3.9579541e-04
3.7400000e+00		5.2428732e-01		3.9705057e-04
3.7600000e+00		5.2287338e-01		3.9829564e-04
3.7800000e+00		5.2147004e-01		3.9953074e-04
3.8000000e+00		5.2007719e-01		4.0075600e-04
3.8200000e+00		5.1869472e-01		4.0197152e-04
3.8400000e+00		5.1732253e-01		4.0317742e-04
3.8600000e+00		5.1596050e-01		4.0437383e-04
3.8800000e+00		5.1460854e-01		4.0556084e-04
3.9000000e+00		5.1326653e-01		4.0673859e-04
3.9200000e+00		5.1193439e-01		4.0790717e-04
3.9400000e+00		5.1061199e-01		4.0906669e-04
3.9600000e+00		5.0929926e-01		4.1021727e-04
3.9800000e+00		5.0799608e-01		4.1135901e-04
4.0000000e+00		5.0670236e-01		4.1249201e-04
4.0200000e+00		5.0541800e-01		4.1361638e-04
4.0400000e+00		5.0414292e-01		4.1473221e-04
4.0600000e+00		5.0287700e-01		4.1583962e-04
4.0800000e+00		5.0162017e-01		4.1693869e-04
4.1000000e+00		5.0037232e-01		4.1802954e-04
4.1200000e+00		4.9913338e-01		4.1911224e-04
4.1400000e+00		4.9790324e-01		4.2018690e-04
4.1600000e+00		4.9668182e-01		4.2125361e-04
4.1800000e+00		4.9546904e-01		4.2231247e-04
4.2000000e+00		4.9426480e-01		4.2336356e-04
4.2200000e+00		4.9306902e-01		4.2440697e-04
4.2400000e+00		4.9188161e-01		4.2544280e-04
4.2600000e+00		4.9070250e-01		4.2647113e-04
4.2800000e+00		4.8953160e-01		4.2749205e-04
4.3000000e+00		4.8836882e-01		4.2850564e-04
4.3200000e+00		4.8721410e-01		4.2951199e-04
4.3400000e+00		4.8606734e-01		4.3051118e-04
4.3600000e+00		4.8492847e-01		4.3150329e-04
4.3800000e+00		4.8379742e-01		4.3248840e-04
4.4000000e+00		4.8267410e-01		4.3346660e-04
4.4200000e+00		4.8155844e-01		4.3443795e-04
4.4400000e+00		4.8045036e-01		4.3540254e-04
4.4600000e+00		4.7934980e-01		4.3636044e-04
4.4800000e+00		4.7825667e-01		4.3731174e-04
4.5000000e+00		4.7717091e-01		4.3825649e-04
4.5200000e+00		4.7609244e-01		4.3919478e-04
4.5400000e+00		4.7502120e-01		4.4012668e-04
4.5600000e+00		4.7395711e-01		4.4105226e-04
4.5800000e+00		4.7290010e-01		4.4197159e-04
4.6000000e+00		4.7185011e-01		4.4288474e-04
4.6200000e+00		4.7080707e-01		4.4379178e-04
4.6400000e+00		4.6977092e-01		4.4469277e-04
4.6600000e+00		4.6874158e-01		4.4558778e-04
4.6800000e+00		4.6771899e-01		4.4647688e-04
4.7000000e+00		4.6670309e-01		4.4736013e-04
4.7200000e+00		4.6569382e-01		4.4823760e-04
4.7400000e+00		4.6469111e-01		4.4910934e-04
4.7600000e+00		4.6369490e-01		4.4997543e-04
4.7800000e+00		4.6270513e-01		4.5083592e-04
4.8000000e+00		4.6172174e-01		4.5169087e-04
4.8200000e+00		4.6074467e-01		4.5254034e-04
4.8400000e+00		4.5977385e-01		4.5338440e-04
4.8600000e+00		4.5880924e-01		4.5422310e-04
4.8800000e+00		4.5785078e-01		4.5505649e-04
4.9000000e+00		4.5689840e-01		4.5588463e-04
4.9200000e+00		4.5595205e-01		4.5670759e-04
4.9400000e+00		4.5501168e-01		4.5752540e-04
4.9600000e+00		4.5407722e-01		4.5833814e-04
4.9800000e+00		4.5314863e-01		4.5914585e-04
5.0000000e+00		4.5222586e-01		4.5994859e-04
5.0200000e+00		4.5130884e-01		4.6074640e-04
5.0400000e+00		4.5039753e-01		4.6153934e-04
5.0600000e+00		4.4949187e-01		4.6232746e-04
5.0800000e+00		4.4859181e-01		4.6311081e-04
5.1000000e+00		4.4769731e-01		4.6388944e-04
5.1200000e+00		4.4680831e-01		4.6466340e-04
5.1400000e+00		4.4592476e-01		4.6543274e-04
5.1600000e+00		4.4504662e-01		4.6619750e-04
5.1800000e+00		4.4417382e-01		4.6695773e-04
5.2000000e+00		4.4330634e-01		4.6771348e-04
5.2200000e+00		4.4244411e-01		4.6846479e-04
5.2400000e+00		4.4158710e-01		4.6921172e-04
5.2600000e+00		4.4073526e-01		4.6995429e-04
5.2800000e+00		4.3988853e-01		4.7069257e-04
5.3000000e+00		4.3904688e-01		4.7142658e-04
5.3200000e+00		4.3821026e-01		4.7215638e-04
5.3400000e+00		4.3737862e-01		4.7288201e-04
5.3600000e+00		4.3655193e-01		4.7360350e-04
5.3800000e+00		4.3573014e-01		4.7432091e-04
5.4000000e+00		4.3491320e-01		4.7503426e-04
5.4200000e+00		4.3410108e-01		4.7574361e-04
5.4400000e+00		4.3329372e-01		4.7644898e-04
5.4600000e+00		4.3249110e-01		4.7715043e-04
5.4800000e+00		4.3169317e-01		4.7784798e-04
5.5000000e+00		4.3089989e-01		4.7854168e-04
5.5200000e+00		4.3011121e-01		4.7923157e-04
5.5400000e+00		4.2932711e-01		4.7991767e-04
5.5600000e+00		4.2854754e-01		4.8060004e-04
5.5800000e+00		4.2777246e-01		4.8127870e-04
5.6000000e+00		4.2700183e-01		4.8195370e-04
5.6200000e+00		4.2623561e-01		4.8262506e-04
5.6400000e+00		4.2547378e-01		4.8329282e-04
5.6600000e+00		4.2471628e-01		4.8395701e-04
5.6800000e+00		4.2396309e-01		4.8461768e-04
5.7000000e+00		4.2321417e-01		4.8527486e-04
5.7200000e+00		4.2246948e-01		4.8592857e-04
5.7400000e+00		4.2172899e-01		4.8657885e-04
5.7600000e+00		4.2099265e-01		4.8722573e-04
5.7800000e+00		4.2026045e-01		4.8786926e-04
5.8000000e+00		4.1953233e-01		4.8850944e-04
5.8200000e+00		4.1880828e-01		4.8914633e-04
5.8400000e+00		4.1808825e-01		4.8977995e-04
5.8600000e+00		4.1737221e-01		4.9041032e-04
5.8800000e+00		4.1666013e-01		4.9103749e-04
5.9000000e+00		4.1595198e-01		4.9166148e-04
5.9200000e+00		4.1524772e-01		4.9228232e-04
5.9400000e+00		4.1454732e-01		4.9290003e-04
5.9600000e+00		4.1385075e-01		4.9351466e-04
5.9800000e+00		4.1315798e-01		4.9412622e-04
6.0000000e+00		4.1246898e-01		4.9473475e-04
6.0200000e+00		4.1178372e-01		4.9534027e-04
6.0400000e+00		4.1110216e-01		4.9594280e-04
6.0600000e+00		4.1042428e-01		4.9654239e-04
6.0800000e+00		4.0975005e-01		4.9713905e-04
6.1000000e+00		4.0907944e-01		4.9773281e-04
6.1200000e+00		4.0841242e-01		4.9832370e-04
6.1400000e+00		4.0774896e-01		4.9891174e-04
6.1600000e+00		4.0708904e-01		4.9949696e-04
6.1800000e+00		4.0643261e-01		5.0007938e-04
6.2000000e+00		4.0577967e-01		5.0065903e-04
6.2200000e+00		4.0513017e-01		5.0123594e-04
6.2400000e+00		4.0448409e-01		5.0181012e-04
6.2600000e+00		4.0384142e-01		5.0238160e-04
6.2800000e+00		4.0320210e-01		5.0295041e-04
6.3000000e+00		4.0256613e-01		5.0351657e-04
6.3200000e+00		4.0193348e-01		5.0408011e-04
6.3400000e+00		4.0130412e-01		5.0464104e-04
6.3600000e+00		4.0067802e-01		5.0519938e-04
6.3800000e+00		4.0005516e-01		5.0575517e-04
6.4000000e+00		3.9943551e-01		5.0630842e-04
6.4200000e+00		3.9881905e-01		5.0685916e-04
6.4400000e+00		3.9820576e-01		5.0740741e-04
6.4600000e+00		3.9759561e-01		5.0795318e-04
6.4800000e+00		3.9698857e-01		5.0849650e-04
6.5000000e+00		3.9638462e-01		5.0903740e-04
6.5200000e+00		3.9578375e-01		5.0957589e-04
6.5400000e+00		3.9518591e-01		5.1011199e-04
6.5600000e+00		3.9459110e-01		5.1064572e-04
6.5800000e+00		3.9399929e-01		5.1117711e-04
6.6000000e+00		3.9341046e-01		5.1170617e-04
6.6200000e+00		3.9282458e-01		5.1223292e-04
6.6400000e+00		3.9224163e-01		5.1275738e-04
6.6600000e+00		3.9166159e-01		5.1327958e-04
6.6800000e+00		3.9108444e-01		5.1379953e-04
6.7000000e+00		3.9051015e-01		5.1431724e-04
6.7200000e+00		3.8993871e-01		5.1483275e-04
6.7400000e+00		3.8937009e-01		5.1534606e-04
6.7600000e+00		3.8880427e-01		5.1585719e-04
6.7800000e+00		3.8824124e-01		5.1636617e-04
6.8000000e+00		3.8768097e-01		5.1687301e-04
6.8200000e+00		3.8712343e-01		5.1737772e-04
6.8400000e+00		3.8656862e-01		5.1788034e-04
6.8600000e+00		3.8601651e-01		5.1838086e-04
6.8800000e+00		3.8546708e-01		5.1887932e-04
6.9000000e+00		3.8492031e-01		5.1937572e-04
6.9200000e+00		3.8437619e-01		5.1987009e-04
6.9400000e+00		3.8383468e-01		5.2036243e-04
6.9600000e+00		3.8329578e-01		5.2085277e-04
6.9800000e+00		3.8275946e-01		5.2134113e-04
7.0000000e+00		3.8222571e-01		5.2182751e-04
7.0200000e+00		3.8169451e-01		5.2231194e-04
7.0400000e+00		3.8116583e-01		5.2279443e-04
7.0600000e+00		3.8063967e-01		5.2327500e-04
7.0800000e+00		3.8011600e-01		5.2375365e-04
7.1000000e+00		3.7959481e-01		5.2423041e-04
7.1200000e+00		3.7907607e-01		5.2470530e-04
7.1400000e+00		3.7855977e-01		5.2517832e-04
7.1600000e+00		3.7804589e-01		5.2564949e-04
7.1800000e+00		3.7753442e-01		5.2611882e-04
7.2000000e+00		3.7702534e-01		5.2658634e-04
7.2200000e+00		3.7651863e-01		5.2705205e-04
7.2400000e+00		3.7601428e-01		5.2751597e-04
7.2600000e+00		3.7551226e-01		5.2797811e-04
7.2800000e+00		3.7501257e-01		5.2843849e-04
7.3000000e+00		3.7451518e-01		5.2889711e-04
7.3200000e+00		3.7402008e-01		5.2935400e-04
7.3400000e+00		3.7352725e-01		5.2980917e-04
7.3600000e+00		3.7303668e-01		5.3026263e-04
7.3800000e+00		3.7254836e-01		5.3071439e-04
7.4000000e+00		3.7206226e-01		5.3116446e-04
7.4200000e+00		3.7157837e-01		5.3161287e-04
7.4400000e+00		3.7109668e-01		5.3205961e-04
7.4600000e+00		3.7061717e-01		5.3250472e-04
7.4800000e+00		3.7013983e-01		5.3294818e-04
7.5000000e+00		3.6966463e-01		5.3339003e-04
7.5200000e+00		3.6919158e-01		5.3383027e-04
7.5400000e+00		3.6872064e-01		5.3426891e-04
7.5600000e+00		3.6825182e-01		5.3470597e-04
7.5800000e+00		3.6778508e-01		5.3514146e-04
7.6000000e+00		3.6732043e-01		5.3557538e-04
7.6200000e+00		3.6685784e-01		5.3600776e-04
7.6400000e+00		3.6639730e-01		5.3643860e-04
7.6600000e+00		3.6593880e-01		5.3686791e-04
7.6800000e+00		3.6548233e-01		5.3729571e-04
7.7000000e+00		3.6502786e-01		5.3772201e-04
7.7200000e+00		3.6457539e-01		5.3814681e-04
7.7400000e+00		3.6412491e-01		5.3857013e-04
7.7600000e+00		3.6367639e-01		5.3899198e-04
7.7800000e+00		3.6322983e-01		5.3941237e-04
7.8000000e+00		3.6278522e-01		5.3983131e-04
7.8200000e+00		3.6234254e-01		5.4024881e-04
7.8400000e+00		3.6190177e-01		5.4066489e-04
7.8600000e+00		3.6146291e-01		5.4107954e-04
7.8800000e+00		3.6102595e-01		5.4149279e-04
7.9000000e+00		3.6059087e-01		5.4190464e-04
7.9200000e+00		3.6015765e-01		5.4231511e-04
7.9400000e+00		3.5972629e-01		5.4272420e-04
7.9600000e+00		3.5929678e-01		5.4313192e-04
7.9800000e+00		3.5886910e-01		5.4353828e-04
8.0000000e+00		3.5844324e-01		5.4394329e-04
8.0200000e+00		3.5801919e-01		5.4434697e-04
8.0400000e+00		3.5759693e-01		5.4474931e-04
8.0600000e+00		3.5717647e-01		5.4515034e-04
8.0800000e+00		3.5675777e-01		5.4555006e-04
8.1000000e+00		3.5634084e-01		5.4594848e-04
8.1200000e+00		3.5592566e-01		5.4634560e-04
8.1400000e+00		3.5551222e-01		5.4674144e-04
8.1600000e+00		3.5510051e-01		5.4713601e-04
8.1800000e+00		3.5469052e-01		5.4752931e-04
8.2000000e+00		3.5428223e-01		5.4792136e-04
8.2200000e+00		3.5387564e-01		5.4831216e-04
8.2400000e+00		3.5347074e-01		5.4870173e-04
8.2600000e+00		3.5306751e-01		5.4909006e-04
8.2800000e+00		3.5266595e-01		5.4947717e-04
8.3000000e+00		3.5226604e-01		5.4986307e-04
8.3200000e+00		3.5186777e-01		5.5024776e-04
8.3400000e+00		3.5147114e-01		5.5063126e-04
8.3600000e+00		3.5107613e-01		5.5101357e-04
8.3800000e+00		3.5068273e-01		5.5139470e-04
8.4000000e+00		3.5029094e-01		5.5177465e-04
8.4200000e+00		3.4990074e-01		5.5215344e-04
8.4400000e+00		3.4951212e-01		5.5253108e-04
8.4600000e+00		3.4912508e-01		5.5290757e-04
8.4800000e+00		3.4873960e-01		5.5328292e-04
8.5000000e+00		3.4835567e-01		5.5365713e-04
8.5200000e+00		3.4797329e-01		5.5403022e-04
8.5400000e+00		3.4759245e-01		5.5440219e-04
8.5600000e+00		3.4721312e-01		5.5477306e-04
8.5800000e+00		3.4683532e-01		5.5514282e-04
8.6000000e+00		3.4645902e-01		5.5551148e-04
8.6200000e+00		3.4608422e-01		5.5587906e-04
8.6400000e+00		3.4571091e-01		5.5624555e-04
8.6600000e+00		3.4533908e-01		5.5661097e-04
8.6800000e+00		3.4496872e-01		5.5697533e-04
8.7000000e+00		3.4459982e-01		5.5733862e-04
8.7200000e+00		3.4423238e-01		5.5770086e-04
8.7400000e+00		3.4386638e-01		5.5806206e-04
8.7600000e+00		3.4350181e-01		5.5842222e-04
8.7800000e+00		3.4313867e-01		5.5878135e-04
8.8000000e+00		3.4277695e-01		5.5913945e-04
8.8200000e+00		3.4241664e-01		5.5949653e-04
8.8400000e+00		3.4205773e-01		5.5985260e-04
8.8600000e+00		3.4170022e-01		5.6020767e-04
8.8800000e+00		3.4134409e-01		5.6056173e-04
8.9000000e+00		3.4098934e-01		5.6091481e-04
8.9200000e+00		3.4063595e-01		5.6126689e-04
8.9400000e+00		3.4028393e-01		5.6161800e-04
8.9600000e+00		3.3993326e-01		5.6196814e-04
8.9800000e+00		3.3958394e-01		5.6231731e-04
9.0000000e+00		3.3923595e-01		5.6266551e-04
9.0200000e+00		3.3888929e-01		5.6301276e-04
9.0400000e+00		3.3854395e-01		5.6335907e-04
9.0600000e+00		3.3819992e-01		5.6370443e-04
9.0800000e+00		3.3785720e-01		5.6404885e-04
9.1000000e+00		3.3751578e-01		5.6439235e-04
9.1200000e+00		3.3717565e-01		5.6473491e-04
9.1400000e+00		3.3683681e-01		5.6507656e-04
9.1600000e+00		3.3649924e-01		5.6541730e-04
9.1800000e+00		3.3616293e-01		5.6575713e-04
9.2000000e+00		3.3582789e-01		5.6609605e-04
9.2200000e+00		3.3549410e-01		5.6643408e-04
9.2400000e+00		3.3516156e-01		5.6677122e-04
9.2600000e+00		3.3483026e-01		5.6710748e-04
9.2800000e+00		3.3450020e-01		5.6744285e-04
9.3000000e+00		3.3417135e-01		5.6777735e-04
9.3200000e+00		3.3384373e-01		5.6811098e-04
9.3400000e+00		3.3351732e-01		5.6844375e-04
9.3600000e+00		3.3319211e-01		5.6877566e-04
9.3800000e+00		3.3286810e-01		5.6910672e-04
9.4000000e+00		3.3254528e-01		5.6943693e-04
9.4200000e+00		3.3222365e-01		5.6976630e-04
9.4400000e+00		3.3190320e-01		5.7009483e-04
9.4600000e+00		3.3158391e-01		5.7042253e-04
9.4800000e+00		3.3126579e-01		5.7074940e-04
9.5000000e+00		3.3094883e-01		5.7107545e-04
9.5200000e+00		3.3063302e-01		5.7140068e-04
9.5400000e+00		3.3031836e-01		5.7172510e-04
9.5600000e+00		3.3000483e-01		5.7204871e-04
9.5800000e+00		3.2969244e-01		5.7237152e-04
9.6000000e+00		3.2938117e-01		5.7269354e-04
9.6200000e+00		3.2907103e-01		5.7301476e-04
9.6400000e+00		3.2876200e-01		5.7333519e-04
9.6600000e+00		3.2845407e-01		5.7365484e-04
9.6800000e+00		3.2814725e-01		5.7397371e-04
9.7000000e+00		3.2784152e-01		5.7429181e-04
9.7200000e+00		3.2753688e-01		5.7460913e-04
9.7400000e+00		3.2723333e-01		5.7492570e-04
9.7600000e+00		3.2693085e-01		5.7524150e-04
9.7800000e+00		3.2662945e-01		5.7555655e-04
9.8000000e+00		3.2632911e-01		5.7587084e-04
9.8200000e+00		3.2602984e-01		5.7618439e-04
9.8400000e+00		3.2573161e-01		5.7649720e-04
9.8600000e+00		3.2543444e-01		5.7680927e-04
9.8800000e+00		3.2513831e-01		5.7712060e-04
9.9000000e+00		3.2484321e-01		5.7743121e-04
9.9200000e+00		3.2454915e-01		5.7774109e-04
9.9400000e+00		3.2425612e-01		5.7805024e-04
9.9600000e+00		3.2396410e-01		5.7835869e-04
9.9800000e+00		3.2367310e-01		5.7866642e-04
1.0000000e+01		3.2338311e-01		5.7897344e-04
1.0020000e+01		3.2309413e-01		5.7927975e-04
1.0040000e+01		3.2280614e-01		5.7958537e-04
1.0060000e+01		3.2251915e-01		5.7989029e-04
1.0080000e+01		3.2223315e-01		5.8019452e-04
1.0100000e+01		3.2194813e-01		5.8049806e-04
1.0120000e+01		3.2166409e-01		5.8080091e-04
1.0140000e+01		3.2138102e-01		5.8110309e-04
1.0160000e+01		3.2109892e-01		5.8140459e-04
1.0180000e+01		3.2081779e-01		5.8170541e-04
1.0200000e+01		3.2053761e-01		5.8200557e-04
1.0220000e+01		3.2025838e-01		5.8230506e-04
1.0240000e+01		3.1998010e-01		5.8260389e-04
1.0260000e+01		3.1970277e-01		5.8290206e-04
1.0280000e+01		3.1942637e-01		5.8319958e-04
1.0300000e+01		3.1915090e-01		5.8349645e-04
1.0320000e+01		3.1887637e-01		5.8379267e-04
1.0340000e+01		3.1860275e-01		5.8408825e-04
1.0360000e+01		3.1833006e-01		5.8438319e-04
1.0380000e+01		3.1805828e-01		5.8467749e-04
1.0400000e+01		3.1778741e-01		5.8497116e-04
1.0420000e+01		3.1751744e-01		5.8526421e-04
1.0440000e+01		3.1724837e-01		5.8555662e-04
1.0460000e+01		3.1698020e-01		5.8584842e-04
1.0480000e+01		3.1671292e-01		5.8613960e-04
1.0500000e+01		3.1644652e-01		5.8643016e-04
1.0520000e+01		3.1618101e-01		5.8672011e-04
1.0540000e+01		3.1591637e-01		5.8700945e-04
1.0560000e+01		3.1565261e-01		5.8729819e-04
1.0580000e+01		3.1538971e-01		5.8758633e-04
1.0600000e+01		3.1512768e-01		5.8787387e-04
1.0620000e+01		3.1486651e-01		5.8816081e-04
1.0640000e+01		3.1460619e-01		5.8844717e-04
1.0660000e+01		3.1434672e-01		5.8873293e-04
1.0680000e+01		3.1408810e-01		5.8901811e-04
1.0700000e+01		3.1383032e-01		5.8930271e-04
1.0720000e+01		3.1357338e-01		5.8958673e-04
1.0740000e+01		3.1331727e-01		5.8987017e-04
1.0760000e+01		3.1306199e-01		5.9015304e-04
1.0780000e+01		3.1280754e-01		5.9043534e-04
1.0800000e+01		3.1255391e-01		5.9071707e-04
1.0820000e+01		3.1230110e-01		5.9099825e-04
1.0840000e+01		3.1204910e-01		5.9127886e-04
1.0860000e+01		3.1179791e-01		5.9155891e-04
1.0880000e+01		3.1154752e-01		5.9183841e-04
1.0900000e+01		3.1129793e-01		5.9211736e-04
1.0920000e+01		3.1104915e-01		5.9239576e-04
1.0940000e+01		3.1080115e-01		5.9267361e-04
1.0960000e+01		3.1055395e-01		5.9295092e-04
1.0980000e+01		3.1030752e-01		5.9322770e-04
1.1000000e+01		3.1006189e-01		5.9350393e-04
1.1020000e+01		3.0981703e-01		5.9377963e-04
1.1040000e+01		3.0957294e-01		5.9405480e-04
1.1060000e+01		3.0932962e-01		5.9432944e-04
1.1080000e+01		3.0908707e-01		5.9460356e-04
1.1100000e+01		3.0884529e-01		5.9487715e-04
1.1120000e+01		3.0860426e-01		5.9515022e-04
1.1140000e+01		3.0836398e-01		5.9542278e-04
1.1160000e+01		3.0812446e-01		5.9569482e-04
1.1180000e+01		3.0788569e-01		5.9596635e-04
1.1200000e+01		3.0764766e-01		5.9623737e-04
1.1220000e+01		3.0741037e-01		5.9650788e-04
1.1240000e+01		3.0717382e-01		5.9677789e-04
1.1260000e+01		3.0693801e-01		5.9704740e-04
1.1280000e+01		3.0670292e-01		5.9731641e-04
1.1300000e+01		3.0646856e-01		5.9758492e-04
1.1320000e+01		3.0623492e-01		5.9785294e-04
1.1340000e+01		3.0600200e-01		5.9812047e-04
1.1360000e+01		3.0576980e-01		5.9838751e-04
1.1380000e+01		3.0553832e-01		5.9865406e-04
1.1400000e+01		3.0530754e-01		5.9892013e-04
1.1420000e+01		3.0507747e-01		5.9918572e-04
1.1440000e+01		3.0484810e-01		5.9945083e-04
1.1460000e+01		3.0461943e-01		5.9971546e-04
1.1480000e+01		3.0439146e-01		5.9997962e-04
1.1500000e+01		3.0416418e-01		6.0024331e-04
1.1520000e+01		3.0393759e-01		6.0050653e-04
1.1540000e+01		3.0371168e-01		6.0076929e-04
1.1560000e+01		3.0348646e-01		6.0103157e-04
1.1580000e+01		3.0326192e-01		6.0129340e-04
1.1600000e+01		3.0303806e-01		6.0155477e-04
1.1620000e+01		3.0281487e-01		6.0181568e-04
1.1640000e+01		3.0259235e-01		6.0207613e-04
1.1660000e+01		3.0237050e-01		6.0233614e-04
1.1680000e+01		3.0214931e-01		6.0259569e-04
1.1700000e+01		3.0192878e-01		6.0285479e-04
1.1720000e+01		3.0170892e-01		6.0311345e-04
1.1740000e+01		3.0148970e-01		6.0337167e-04
1.1760000e+01		3.0127114e-01		6.0362944e-04
1.1780000e+01		3.0105323e-01		6.0388678e-04
1.1800000e+01		3.0083597e-01		6.0414367e-04
1.1820000e+01		3.0061935e-01		6.0440014e-04
1.1840000e+01		3.0040337e-01		6.0465617e-04
1.1860000e+01		3.0018802e-01		6.0491176e-04
1.1880000e+01		2.9997331e-01		6.0516694e-04
1.1900000e+01		2.9975923e-01		6.0542168e-04
1.1920000e+01		2.9954578e-01		6.0567600e-04
1.1940000e+01		2.9933296e-01		6.0592990e-04
1.1960000e+01		2.9912076e-01		6.0618338e-04
1.1980000e+01		2.9890918e-01		6.0643644e-04
1.2000000e+01		2.9869822e-01		6.0668908e-04
1.2020000e+01		2.9848787e-01		6.0694131e-04
1.2040000e+01		2.9827813e-01		6.0719313e-04
1.2060000e+01		2.9806900e-01		6.0744454e-04
1.2080000e+01		2.9786048e-01		6.0769554e-04
1.2100000e+01		2.9765256e-01		6.0794613e-04
1.2120000e+01		2.9744525e-01		6.0819632e-04
1.2140000e+01		2.9723853e-01		6.0844611e-04
1.2160000e+01		2.9703240e-01		6.0869550e-04
1.2180000e+01		2.9682687e-01		6.0894449e-04
1.2200000e+01		2.9662193e-01		6.0919309e-04
1.2220000e+01		2.9641758e-01		6.0944129e-04
1.2240000e+01		2.9621381e-01		6.0968910e-04
1.2260000e+01		2.9601062e-01		6.0993651e-04
1.2280000e+01		2.9580802e-01		6.1018354e-04
1.2300000e+01		2.9560599e-01		6.1043019e-04
1.2320000e+01		2.9540453e-01		6.1067644e-04
1.2340000e+01		2.9520365e-01		6.1092232e-04
1.2360000e+01		2.9500334e-01		6.1116781e-04
1.2380000e+01		2.9480359e-01		6.1141292e-04
1.2400000e+01		2.9460441e-01		6.1165766e-04
1.2420000e+01		2.9440579e-01		6.1190202e-04
1.2440000e+01		2.9420773e-01		6.1214601e-04
1.2460000e+01		2.9401023e-01		6.1238962e-04
1.2480000e+01		2.9381328e-01		6.1263287e-04
1.2500000e+01		2.9361689e-01		6.1287574e-04
1.2520000e+01		2.9342104e-01		6.1311825e-04
1.2540000e+01		2.9322575e-01		6.1336039e-04
1.2560000e+01		2.9303099e-01		6.1360217e-04
1.2580000e+01		2.9283678e-01		6.1384359e-04
1.2600000e+01		2.9264311e-01		6.1408465e-04
1.2620000e+01		2.9244998e-01		6.1432535e-04
1.2640000e+01		2.9225739e-01		6.1456569e-04
1.2660000e+01		2.9206532e-01		6.1480568e-04
1.2680000e+01		2.9187379e-01		6.1504531e-04
1.2700000e+01		2.9168279e-01		6.1528459e-04
1.2720000e+01		2.9149232e-01		6.1552352e-04
1.2740000e+01		2.9130237e-01		6.1576211e-04
1.2760000e+01		2.9111294e-01		6.1600034e-04
1.2780000e+01		2.9092403e-01		6.1623823e-04
1.2800000e+01		2.9073564e-01		6.1647578e-04
1.2820000e+01		2.9054776e-01		6.1671299e-04
1.2840000e+01		2.9036040e-01		6.1694985e-04
1.2860000e+01		2.9017355e-01		6.1718638e-04
1.2880000e+01		2.8998720e-01		6.1742257e-04
1.2900000e+01		2.8980137e-01		6.1765842e-04
1.2920000e+01		2.8961604e-01		6.1789394e-04
1.2940000e+01		2.8943121e-01		6.1812912e-04
1.2960000e+01		2.8924688e-01		6.1836398e-04
1.2980000e+01		2.8906305e-01		6.1859850e-04
1.3000000e+01		2.8887972e-01		6.1883270e-04
1.3020000e+01		2.8869688e-01		6.1906657e-04
1.3040000e+01		2.8851453e-01		6.1930011e-04
1.3060000e+01		2.8833267e-01		6.1953334e-04
1.3080000e+01		2.8815130e-01		6.1976623e-04
1.3100000e+01		2.8797042e-01		6.1999881e-04
1.3120000e+01		2.8779002e-01		6.2023107e-04
1.3140000e+01		2.8761010e-01		6.2046301e-04
1.3160000e+01		2.8743066e-01		6.2069464e-04
1.3180000e+01		2.8725170e-01		6.2092594e-04
1.3200000e+01		2.8707322e-01		6.2115694e-04
1.3220000e+01		2.8689521e-01		6.2138762e-04
1.3240000e+01		2.8671767e-01		6.2161800e-04
1.3260000e+01		2.8654060e-01		6.2184806e-04
1.3280000e+01		2.8636400e-01		6.2207781e-04
1.3300000e+01		2.8618787e-01		6.2230726e-04
1.3320000e+01		2.8601220e-01		6.2253641e-04
1.3340000e+01		2.8583699e-01		6.2276525e-04
1.3360000e+01		2.8566224e-01		6.2299378e-04
1.3380000e+01		2.8548795e-01		6.2322202e-04
1.3400000e+01		2.8531412e-01		6.2344996e-04
1.3420000e+01		2.8514074e-01		6.2367759e-04
1.3440000e+01		2.8496782e-01		6.2390493e-04
1.3460000e+01		2.8479534e-01		6.2413198e-04
1.3480000e+01		2.8462332e-01		6.2435873e-04
1.3500000e+01		2.8445174e-01		6.2458518e-04
1.3520000e+01		2.8428061e-01		6.2481135e-04
1.3540000e+01		2.8410992e-01		6.2503722e-04
1.3560000e+01		2.8393968e-01		6.2526281e-04
1.3580000e+01		2.8376987e-01		6.2548810e-04
1.3600000e+01		2.8360051e-01		6.2571311e-04
1.3620000e+01		2.8343158e-01		6.2593784e-04
1.3640000e+01		2.8326308e-01		6.2616228e-04
1.3660000e+01		2.8309502e-01		6.2638643e-04
1.3680000e+01		2.8292739e-01		6.2661031e-04
1.3700000e+01		2.8276019e-01		6.2683390e-04
1.3720000e+01		2.8259342e-01		6.2705722e-04
1.3740000e+01		2.8242707e-01		6.2728026e-04
1.3760000e+01		2.8226115e-01		6.2750302e-04
1.3780000e+01		2.8209565e-01		6.2772550e-04
1.3800000e+01		2.8193057e-01		6.2794771e-04
1.3820000e+01		2.8176592e-01		6.2816965e-04
1.3840000e+01		2.8160168e-01		6.2839131e-04
1.3860000e+01		2.8143785e-01		6.2861271e-04
1.3880000e+01		2.8127444e-01		6.2883383e-04
1.3900000e+01		2.8111145e-01		6.2905468e-04
1.3920000e+01		2.8094886e-01		6.2927527e-04
1.3940000e+01		2.8078669e-01		6.2949559e-04
1.3960000e+01		2.8062492e-01		6.2971565e-04
1.3980000e+01		2.8046356e-01		6.2993544e-04
1.4000000e+01		2.8030261e-01		6.3015497e-04
1.4020000e+01		2.8014205e-01		6.3037424e-04
1.4040000e+01		2.7998190e-01		6.3059324e-04
1.4060000e+01		2.7982215e-01		6.3081199e-04
1.4080000e+01		2.7966280e-01		6.3103048e-04
1.4100000e+01		2.7950385e-01		6.3124871e-04
1.4120000e+01		2.7934529e-01		6.3146669e-04
1.4140000e+01		2.7918712e-01		6.3168441e-04
1.4160000e+01		2.7902935e-01		6.3190187e-04
1.4180000e+01		2.7887197e-01		6.3211909e-04
1.4200000e+01		2.7871498e-01		6.3233605e-04
1.4220000e+01		2.7855837e-01		6.3255276e-04
1.4240000e+01		2.7840215e-01		6.3276922e-04
1.4260000e+01		2.7824632e-01		6.3298543e-04
1.4280000e+01		2.7809087e-01		6.3320140e-04
1.4300000e+01		2.7793580e-01		6.3341712e-04
1.4320000e+01		2.7778112e-01		6.3363259e-04
1.4340000e+01		2.7762681e-01		6.3384782e-04
1.4360000e+01		2.7747288e-01		6.3406280e-04
1.4380000e+01		2.7731932e-01		6.3427754e-04
1.4400000e+01		2.7716614e-01		6.3449204e-04
1.4420000e+01		2.7701334e-01		6.3470630e-04
1.4440000e+01		2.7686090e-01		6.3492032e-04
1.4460000e+01		2.7670884e-01		6.3513411e-04
1.4480000e+01		2.7655714e-01		6.3534765e-04
1.4500000e+01		2.7640582e-01		6.3556096e-04
1.4520000e+01		2.7625486e-01		6.3577404e-04
1.4540000e+01		2.7610426e-01		6.3598687e-04
1.4560000e+01		2.7595403e-01		6.3619948e-04
1.4580000e+01		2.7580416e-01		6.3641185e-04
1.4600000e+01		2.7565465e-01		6.3662399e-04
1.4620000e+01		2.7550550e-01		6.3683591e-04
1.4640000e+01		2.7535670e-01		6.3704759e-04
1.4660000e+01		2.7520827e-01		6.3725904e-04
1.4680000e+01		2.7506019e-01		6.3747026e-04
1.4700000e+01		2.7491246e-01		6.3768126e-04
1.4720000e+01		2.7476509e-01		6.3789204e-04
1.4740000e+01		2.7461807e-01		6.3810258e-04
1.4760000e+01		2.7447139e-01		6.3831291e-04
1.4780000e+01		2.7432507e-01		6.3852301e-04
1.4800000e+01		2.7417910e-01		6.3873289e-04
1.4820000e+01		2.7403347e-01		6.3894254e-04
1.4840000e+01		2.7388818e-01		6.3915198e-04
1.4860000e+01		2.7374324e-01		6.3936120e-04
1.4880000e+01		2.7359864e-01		6.3957020e-04
1.4900000e+01		2.7345438e-01		6.3977898e-04
1.4920000e+01		2.7331047e-01		6.3998755e-04
1.4940000e+01		2.7316689e-01		6.4019590e-04
1.4960000e+01		2.7302364e-01		6.4040403e-04
1.4980000e+01		2.7288074e-01		6.4061195e-04
1.5000000e+01		2.7273817e-01		6.4081966e-04
1.5020000e+01		2.7259593e-01		6.4102715e-04
1.5040000e+01		2.7245402e-01		6.4123444e-04
1.5060000e+01		2.7231245e-01		6.4144151e-04
1.5080000e+01		2.7217121e-01		6.4164837e-04
1.5100000e+01		2.7203029e-01		6.4185503e-04
1.5120000e+01		2.7188970e-01		6.4206147e-04
1.5140000e+01		2.7174944e-01		6.4226771e-04
1.5160000e+01		2.7160951e-01		6.4247375e-04
1.5180000e+01		2.7146989e-01		6.4267957e-04
1.5200000e+01		2.7133060e-01		6.4288520e-04
1.5220000e+01		2.7119164e-01		6.4309061e-04
1.5240000e+01		2.7105299e-01		6.4329583e-04
1.5260000e+01		2.7091466e-01		6.4350084e-04
1.5280000e+01		2.7077665e-01		6.4370566e-04
1.5300000e+01		2.7063896e-01		6.4391027e-04
1.5320000e+01		2.7050158e-01		6.4411468e-04
1.5340000e+01		2.7036452e-01		6.4431889e-04
1.5360000e+01		2.7022777e-01		6.4452291e-04
1.5380000e+01		2.7009133e-01		6.4472672e-04
1.5400000e+01		2.6995521e-01		6.4493035e-04
1.5420000e+01		2.6981940e-01		6.4513377e-04
1.5440000e+01		2.6968389e-01		6.4533700e-04
1.5460000e+01		2.6954869e-01		6.4554004e-04
1.5480000e+01		2.6941380e-01		6.4574288e-04
1.5500000e+01		2.6927922e-01		6.4594553e-04
1.5520000e+01		2.6914494e-01		6.4614799e-04
1.5540000e+01		2.6901096e-01		6.4635025e-04
1.5560000e+01		2.6887729e-01		6.4655233e-04
1.5580000e+01		2.6874392e-01		6.4675422e-04
1.5600000e+01		2.6861085e-01		6.4695591e-04
1.5620000e+01		2.6847808e-01		6.4715742e-04
1.5640000e+01		2.6834560e-01		6.4735874e-04
1.5660000e+01		2.6821343e-01		6.4755988e-04
1.5680000e+01		2.6808155e-01		6.4776083e-04
1.5700000e+01		2.6794996e-01		6.4796159e-04
1.5720000e+01		2.6781867e-01		6.4816217e-04
1.5740000e+01		2.6768767e-01		6.4836257e-04
1.5760000e+01		2.6755697e-01		6.4856278e-04
1.5780000e+01		2.6742655e-01		6.4876281e-04
1.5800000e+01		2.6729643e-01		6.4896266e-04
1.5820000e+01		2.6716659e-01		6.4916233e-04
1.5840000e+01		2.6703705e-01		6.4936182e-04
1.5860000e+01		2.6690779e-01		6.4956113e-04
1.5880000e+01		2.6677881e-01		6.4976026e-04
1.5900000e+01		2.6665012e-01		6.4995921e-04
1.5920000e+01		2.6652172e-01		6.5015798e-04
1.5940000e+01		2.6639360e-01		6.5035658e-04
1.5960000e+01		2.6626576e-01		6.5055500e-04
1.5980000e+01		2.6613820e-01		6.5075325e-04
1.6000000e+01		2.6601092e-01		6.5095132e-04
1.6020000e+01		2.6588392e-01		6.5114922e-04
1.6040000e+01		2.6575720e-01		6.5134695e-04
1.6060000e+01		2.6563076e-01		6.5154450e-04
1.6080000e+01		2.6550459e-01		6.5174188e-04
1.6100000e+01		2.6537870e-01		6.5193909e-04
1.6120000e+01		2.6525308e-01		6.5213613e-04
1.6140000e+01		2.6512773e-01		6.5233300e-04
1.6160000e+01		2.6500266e-01		6.5252970e-04
1.6180000e+01		2.6487786e-01		6.5272623e-04
1.6200000e+01		2.6475333e-01		6.5292259e-04
1.6220000e+01		2.6462907e-01		6.5311879e-04
1.6240000e+01		2.6450508e-01		6.5331482e-04
1.6260000e+01		2.6438136e-01		6.5351068e-04
1.6280000e+01		2.6425790e-01		6.5370638e-04
1.6300000e+01		2.6413471e-01		6.5390191e-04
1.6320000e+01		2.6401179e-01		6.5409728e-04
1.6340000e+01		2.6388913e-01		6.5429249e-04
1.6360000e+01		2.6376673e-01		6.5448753e-04
1.6380000e+01		2.6364460e-01		6.5468241e-04
1.6400000e+01		2.6352272e-01		6.5487713e-04
1.6420000e+01		2.6340111e-01		6.5507169e-04
1.6440000e+01		2.6327976e-01		6.5526609e-04
1.6460000e+01		2.6315867e-01		6.5546033e-04
1.6480000e+01		2.6303783e-01		6.5565441e-04
1.6500000e+01		2.6291725e-01		6.5584833e-04
1.6520000e+01		2.6279693e-01		6.5604209e-04
1.6540000e+01		2.6267687e-01		6.5623570e-04
1.6560000e+01		2.6255705e-01		6.5642915e-04
1.6580000e+01		2.6243750e-01		6.5662244e-04
1.6600000e+01		2.6231819e-01		6.5681558e-04
1.6620000e+01		2.6219914e-01		6.5700856e-04
1.6640000e+01		2.6208034e-01		6.5720139e-04
1.6660000e+01		2.6196179e-01		6.5739406e-04
1.6680000e+01		2.6184349e-01		6.5758658e-04
1.6700000e+01		2.6172544e-01		6.5777895e-04
1.6720000e+01		2.6160763e-01		6.5797117e-04
1.6740000e+01		2.6149007e-01		6.5816324e-04
1.6760000e+01		2.6137276e-01		6.5835515e-04
1.6780000e+01		2.6125570e-01		6.5854692e-04
1.6800000e+01		2.6113888e-01		6.5873853e-04
1.6820000e+01		2.6102230e-01		6.5893000e-04
1.6840000e+01		2.6090597e-01		6.5912131e-04
1.6860000e+01		2.6078988e-01		6.5931248e-04
1.6880000e+01		2.6067403e-01		6.5950350e-04
1.6900000e+01		2.6055842e-01		6.5969438e-04
1.6920000e+01		2.6044305e-01		6.5988511e-04
1.6940000e+01		2.6032792e-01		6.6007569e-04
1.6960000e+01		2.6021303e-01		6.6026613e-04
1.6980000e+01		2.6009838e-01		6.6045642e-04
1.7000000e+01		2.5998396e-01		6.6064657e-04
1.7020000e+01		2.5986978e-01		6.6083658e-04
1.7040000e+01		2.5975583e-01		6.6102644e-04
1.7060000e+01		2.5964212e-01		6.6121616e-04
1.7080000e+01		2.5952865e-01		6.6140574e-04
1.7100000e+01		2.5941540e-01		6.6159517e-04
1.7120000e+01		2.5930239e-01		6.6178447e-04
1.7140000e+01		2.5918961e-01		6.6197362e-04
1.7160000e+01		2.5907706e-01		6.6216264e-04
1.7180000e+01		2.5896474e-01		6.6235151e-04
1.7200000e+01		2.5885265e-01		6.6254025e-04
1.7220000e+01		2.5874079e-01		6.6272885e-04
1.7240000e+01		2.5862915e-01		6.6291731e-04
1.7260000e+01		2.5851775e-01		6.6310563e-04
1.7280000e+01		2.5840657e-01		6.6329382e-04
1.7300000e+01		2.5829561e-01		6.6348187e-04
1.7320000e+01		2.5818488e-01		6.6366978e-04
1.7340000e+01		2.5807438e-01		6.6385756e-04
1.7360000e+01		2.5796409e-01		6.6404521e-04
1.7380000e+01		2.5785403e-01		6.6423272e-04
1.7400000e+01		2.5774420e-01		6.6442010e-04
1.7420000e+01		2.5763458e-01		6.6460734e-04
1.7440000e+01		2.5752518e-01		6.6479445e-04
1.7460000e+01		2.5741601e-01		6.6498143e-04
1.7480000e+01		2.5730705e-01		6.6516828e-04
1.7500000e+01		2.5719831e-01		6.6535499e-04
1.7520000e+01		2.5708979e-01		6.6554158e-04
1.7540000e+01		2.5698149e-01		6.6572803e-04
1.7560000e+01		2.5687340e-01		6.6591436e-04
1.7580000e+01		2.5676553e-01		6.6610055e-04
1.7600000e+01		2.5665787e-01		6.6628662e-04
1.7620000e+01		2.5655043e-01		6.6647256e-04
1.7640000e+01		2.5644320e-01		6.6665837e-04
1.7660000e+01		2.5633619e-01		6.6684405e-04
1.7680000e+01		2.5622939e-01		6.6702960e-04
1.7700000e+01		2.5612280e-01		6.6721503e-04
1.7720000e+01		2.5601642e-01		6.6740034e-04
1.7740000e+01		2.5591025e-01		6.6758551e-04
1.7760000e+01		2.5580429e-01		6.6777057e-04
1.7780000e+01		2.5569854e-01		6.6795549e-04
1.7800000e+01		2.5559300e-01		6.6814030e-04
1.7820000e+01		2.5548766e-01		6.6832498e-04
1.7840000e+01		2.5538253e-01		6.6850953e-04
1.7860000e+01		2.5527761e-01		6.6869397e-04
1.7880000e+01		2.5517290e-01		6.6887828e-04
1.7900000e+01		2.5506839e-01		6.6906247e-04
1.7920000e+01		2.5496408e-01		6.6924654e-04
1.7940000e+01		2.5485998e-01		6.6943048e-04
1.7960000e+01		2.5475609e-01		6.6961431e-04
1.7980000e+01		2.5465239e-01		6.6979802e-04
1.8000000e+01		2.5454890e-01		6.6998160e-04
1.8020000e+01		2.5444561e-01		6.7016507e-04
1.8040000e+01		2.5434252e-01		6.7034842e-04
1.8060000e+01		2.5423962e-01		6.7053165e-04
1.8080000e+01		2.5413693e-01		6.7071476e-04
1.8100000e+01		2.5403444e-01		6.7089775e-04
1.8120000e+01		2.5393215e-01		6.7108063e-04
1.8140000e+01		2.5383005e-01		6.7126339e-04
1.8160000e+01		2.5372815e-01		6.7144603e-04
1.8180000e+01		2.5362645e-01		6.7162856e-04
1.8200000e+01		2.5352495e-01		6.7181097e-04
1.8220000e+01		2.5342363e-01		6.7199327e-04
1.8240000e+01		2.5332252e-01		6.7217546e-04
1.8260000e+01		2.5322160e-01		6.7235752e-04
1.8280000e+01		2.5312087e-01		6.7253948e-04
1.8300000e+01		2.5302033e-01		6.7272132e-04
1.8320000e+01		2.5291999e-01		6.7290305e-04
1.8340000e+01		2.5281984e-01		6.7308467e-04
1.8360000e+01		2.5271988e-01		6.7326617e-04
1.8380000e+01		2.5262011e-01		6.7344756e-04
1.8400000e+01		2.5252053e-01		6.7362884e-04
1.8420000e+01		2.5242114e-01		6.7381001e-04
1.8440000e+01		2.5232194e-01		6.7399107e-04
1.8460000e+01		2.5222293e-01		6.7417202e-04
1.8480000e+01		2.5212410e-01		6.7435286e-04
1.8500000e+01		2.5202547e-01		6.7453359e-04
1.8520000e+01		2.5192702e-01		6.7471421e-04
1.8540000e+01		2.5182875e-01		6.7489473e-04
1.8560000e+01		2.5173067e-01		6.7507513e-04
1.8580000e+01		2.5163278e-01		6.7525543e-04
1.8600000e+01		2.5153507e-01		6.7543562e-04
1.8620000e+01		2.5143754e-01		6.7561570e-04
1.8640000e+01		2.5134020e-01		6.7579568e-04
1.8660000e+01		2.5124304e-01		6.7597555e-04
1.8680000e+01		2.5114606e-01		6.7615531e-04
1.8700000e+01		2.5104927e-01		6.7633497e-04
1.8720000e+01		2.5095265e-01		6.7651452e-04
1.8740000e+01		2.5085622e-01		6.7669397e-04
1.8760000e+01		2.5075997e-01		6.7687332e-04
1.8780000e+01		2.5066389e-01		6.7705256e-04
1.8800000e+01		2.5056800e-01		6.7723169e-04
1.8820000e+01		2.5047228e-01		6.7741073e-04
1.8840000e+01		2.5037674e-01		6.7758966e-04
1.8860000e+01		2.5028138e-01		6.7776849e-04
1.8880000e+01		2.5018620e-01		6.7794721e-04
1.8900000e+01		2.5009119e-01		6.7812584e-04
1.8920000e+01		2.4999636e-01		6.7830436e-04
1.8940000e+01		2.4990170e-01		6.7848278e-04
1.8960000e+01		2.4980722e-01		6.7866110e-04
1.8980000e+01		2.4971291e-01		6.7883932e-04
1.9000000e+01		2.4961878e-01		6.7901745e-04
1.9020000e+01		2.4952482e-01		6.7919547e-04
1.9040000e+01		2.4943103e-01		6.7937339e-04
1.9060000e+01		2.4933742e-01		6.7955121e-04
1.9080000e+01		2.4924397e-01		6.7972894e-04
1.9100000e+01		2.4915070e-01		6.7990656e-04
1.9120000e+01		2.4905760e-01		6.8008409e-04
1.9140000e+01		2.4896467e-01		6.8026153e-04
1.9160000e+01		2.4887191e-01		6.8043886e-04
1.9180000e+01		2.4877932e-01		6.8061610e-04
1.9200000e+01		2.4868690e-01		6.8079324e-04
1.9220000e+01		2.4859464e-01		6.8097028e-04
1.9240000e+01		2.4850255e-01		6.8114723e-04
1.9260000e+01		2.4841064e-01		6.8132409e-04
1.9280000e+01		2.4831888e-01		6.8150085e-04
1.9300000e+01		2.4822730e-01		6.8167751e-04
1.9320000e+01		2.4813588e-01		6.8185408e-04
1.9340000e+01		2.4804462e-01		6.8203056e-04
1.9360000e+01		2.4795353e-01		6.8220694e-04
1.9380000e+01		2.4786261e-01		6.8238323e-04
1.9400000e+01		2.4777185e-01		6.8255942e-04
1.9420000e+01		2.4768125e-01		6.8273553e-04
1.9440000e+01		2.4759082e-01		6.8291154e-04
1.9460000e+01		2.4750055e-01		6.8308746e-04
1.9480000e+01		2.4741044e-01		6.8326328e-04
1.9500000e+01		2.4732049e-01		6.8343902e-04
1.9520000e+01		2.4723070e-01		6.8361466e-04
1.9540000e+01		2.4714108e-01		6.8379022e-04
1.9560000e+01		2.4705161e-01		6.8396568e-04
1.9580000e+01		2.4696231e-01		6.8414105e-04
1.9600000e+01		2.4687316e-01		6.8431634e-04
1.9620000e+01		2.4678417e-01		6.8449153e-04
1.9640000e+01		2.4669534e-01		6.8466663e-04
1.9660000e+01		2.4660667e-01		6.8484165e-04
1.9680000e+01		2.4651816e-01		6.8501658e-04
1.9700000e+01		2.4642980e-01		6.8519142e-04
1.9720000e+01		2.4634161e-01		6.8536617e-04
1.9740000e+01		2.4625356e-01		6.8554083e-04
1.9760000e+01		2.4616568e-01		6.8571541e-04
1.9780000e+01		2.4607794e-01		6.8588990e-04
1.9800000e+01		2.4599037e-01		6.8606430e-04
1.9820000e+01		2.4590295e-01		6.8623861e-04
1.9840000e+01		2.4581568e-01		6.8641285e-04
1.9860000e+01		2.4572856e-01		6.8658699e-04
1.9880000e+01		2.4564160e-01		6.8676105e-04
1.9900000e+01		2.4555479e-01		6.8693502e-04
1.9920000e+01		2.4546814e-01		6.8710891e-04
1.9940000e+01		2.4538163e-01		6.8728272e-04
1.9960000e+01		2.4529528e-01		6.8745644e-04
1.9980000e+01		2.4520908e-01		6.8763007e-04
2.0000000e+01		2.4512303e-01		6.8780362e-04
2.0020000e+01		2.4503713e-01		6.8797709e-04
2.0040000e+01		2.4495138e-01		6.8815048e-04
2.0060000e+01		2.4486578e-01		6.8832378e-04
2.0080000e+01		2.4478033e-01		6.8849700e-04
2.0100000e+01		2.4469502e-01		6.8867014e-04
2.0120000e+01		2.4460987e-01		6.8884320e-04
2.0140000e+01		2.4452486e-01		6.8901617e-04
2.0160000e+01		2.4444000e-01		6.8918907e-04
2.0180000e+01		2.4435529e-01		6.8936188e-04
2.0200000e+01		2.4427072e-01		6.8953461e-04
2.0220000e+01		2.4418630e-01		6.8970726e-04
2.0240000e+01		2.4410203e-01		6.8987983e-04
2.0260000e+01		2.4401790e-01		6.9005232e-04
2.0280000e+01		2.4393391e-01		6.9022474e-04
2.0300000e+01		2.4385007e-01		6.9039707e-04
2.0320000e+01		2.4376638e-01		6.9056932e-04
2.0340000e+01		2.4368282e-01		6.9074150e-04
2.0360000e+01		2.4359942e-01		6.9091359e-04
2.0380000e+01		2.4351615e-01		6.9108561e-04
2.0400000e+01		2.4343303e-01		6.9125755e-04
2.0420000e+01		2.4335005e-01		6.9142941e-04
2.0440000e+01		2.4326721e-01		6.9160120e-04
2.0460000e+01		2.4318451e-01		6.9177290e-04
2.0480000e+01		2.4310195e-01		6.9194453e-04
2.0500000e+01		2.4301954e-01		6.9211609e-04
2.0520000e+01		2.4293726e-01		6.9228757e-04
2.0540000e+01		2.4285513e-01		6.9245897e-04
2.0560000e+01		2.4277313e-01		6.9263029e-04
2.0580000e+01		2.4269127e-01		6.9280154e-04
2.0600000e+01		2.4260955e-01		6.9297272e-04
2.0620000e+01		2.4252797e-01		6.9314382e-04
2.0640000e+01		2.4244653e-01		6.9331484e-04
2.0660000e+01		2.4236523e-01		6.9348579e-04
2.0680000e+01		2.4228406e-01		6.9365667e-04
2.0700000e+01		2.4220303e-01		6.9382747e-04
2.0720000e+01		2.4212214e-01		6.9399820e-04
2.0740000e+01		2.4204138e-01		6.9416886e-04
2.0760000e+01		2.4196076e-01		6.9433944e-04
2.0780000e+01		2.4188027e-01		6.9450995e-04
2.0800000e+01		2.4179992e-01		6.9468038e-04
2.0820000e+01		2.4171970e-01		6.9485075e-04
2.0840000e+01		2.4163962e-01		6.9502104e-04
2.0860000e+01		2.4155967e-01		6.9519126e-04
2.0880000e+01		2.4147986e-01		6.9536141e-04
2.0900000e+01		2.4140018e-01		6.9553149e-04
2.0920000e+01		2.4132063e-01		6.9570149e-04
2.0940000e+01		2.4124121e-01		6.9587143e-04
2.0960000e+01		2.4116193e-01		6.9604129e-04
2.0980000e+01		2.4108278e-01		6.9621109e-04
2.1000000e+01		2.4100376e-01		6.9638081e-04
2.1020000e+01		2.4092487e-01		6.9655046e-04
2.1040000e+01		2.4084611e-01		6.9672005e-04
2.1060000e+01		2.4076748e-01		6.9688956e-04
2.1080000e+01		2.4068898e-01		6.9705901e-04
2.1100000e+01		2.4061062e-01		6.9722838e-04
2.1120000e+01		2.4053238e-01		6.9739769e-04
2.1140000e+01		2.4045427e-01		6.9756693e-04
2.1160000e+01		2.4037629e-01		6.9773610e-04
2.1180000e+01		2.4029843e-01		6.9790521e-04
2.1200000e+01		2.4022071e-01		6.9807424e-04
2.1220000e+01		2.4014311e-01		6.9824321e-04
2.1240000e+01		2.4006564e-01		6.9841211e-04
2.1260000e+01		2.3998830e-01		6.9858095e-04
2.1280000e+01		2.3991109e-01		6.9874971e-04
2.1300000e+01		2.3983400e-01		6.9891841e-04
2.1320000e+01		2.3975704e-01		6.9908705e-04
2.1340000e+01		2.3968020e-01		6.9925561e-04
2.1360000e+01		2.3960349e-01		6.9942412e-04
2.1380000e+01		2.3952690e-01		6.9959255e-04
2.1400000e+01		2.3945044e-01		6.9976092e-04
2.1420000e+01		2.3937410e-01		6.9992923e-04
2.1440000e+01		2.3929789e-01		7.0009747e-04
2.1460000e+01		2.3922180e-01		7.0026565e-04
2.1480000e+01		2.3914583e-01		7.0043376e-04
2.1500000e+01		2.3906999e-01		7.0060181e-04
2.1520000e+01		2.3899427e-01		7.0076979e-04
2.1540000e+01		2.3891867e-01		7.0093771e-04
2.1560000e+01		2.3884319e-01		7.0110557e-04
2.1580000e+01		2.3876784e-01		7.0127336e-04
2.1600000e+01		2.3869261e-01		7.0144109e-04
2.1620000e+01		2.3861750e-01		7.0160876e-04
2.1640000e+01		2.3854251e-01		7.0177636e-04
2.1660000e+01		2.3846764e-01		7.0194390e-04
2.1680000e+01		2.3839289e-01		7.0211138e-04
2.1700000e+01		2.3831826e-01		7.0227880e-04
2.1720000e+01		2.3824375e-01		7.0244615e-04
2.1740000e+01		2.3816936e-01		7.0261345e-04
2.1760000e+01		2.3809509e-01		7.0278068e-04
2.1780000e+01		2.3802094e-01		7.0294785e-04
2.1800000e+01		2.3794690e-01		7.0311496e-04
2.1820000e+01		2.3787299e-01		7.0328201e-04
2.1840000e+01		2.3779919e-01		7.0344900e-04
2.1860000e+01		2.3772551e-01		7.0361593e-04
2.1880000e+01		2.3765195e-01		7.0378280e-04
2.1900000e+01		2.3757850e-01		7.0394961e-04
2.1920000e+01		2.3750517e-01		7.0411636e-04
2.1940000e+01		2.3743196e-01		7.0428305e-04
2.1960000e+01		2.3735886e-01		7.0444968e-04
2.1980000e+01		2.3728588e-01		7.0461625e-04
2.2000000e+01		2.3721301e-01		7.0478276e-04
2.2020000e+01		2.3714026e-01		7.0494921e-04
2.2040000e+01		2.3706763e-01		7.0511561e-04
2.2060000e+01		2.3699511e-01		7.0528195e-04
2.2080000e+01		2.3692270e-01		7.0544823e-04
2.2100000e+01		2.3685041e-01		7.0561445e-04
2.2120000e+01		2.3677823e-01		7.0578061e-04
2.2140000e+01		2.3670616e-01		7.0594672e-04
2.2160000e+01		2.3663421e-01		7.0611277e-04
2.2180000e+01		2.3656237e-01		7.0627876e-04
2.2200000e+01		2.3649064e-01		7.0644470e-04
2.2220000e+01		2.3641903e-01		7.0661057e-04
2.2240000e+01		2.3634753e-01		7.0677640e-04
2.2260000e+01		2.3627613e-01		7.0694216e-04
2.2280000e+01		2.3620486e-01		7.0710787e-04
2.2300000e+01		2.3613369e-01		7.0727353e-04
2.2320000e+01		2.3606263e-01		7.0743913e-04
2.2340000e+01		2.3599168e-01		7.0760467e-04
2.2360000e+01		2.3592085e-01		7.0777016e-04
2.2380000e+01		2.3585012e-01		7.0793559e-04
2.2400000e+01		2.3577950e-01		7.0810097e-04
2.2420000e+01		2.3570900e-01		7.0826629e-04
2.2440000e+01		2.3563860e-01		7.0843156e-04
2.2460000e+01		2.3556831e-01		7.0859678e-04
2.2480000e+01		2.3549813e-01		7.0876194e-04
2.2500000e+01		2.3542806e-01		7.0892705e-04
2.2520000e+01		2.3535810e-01		7.0909210e-04
2.2540000e+01		2.3528824e-01		7.0925710e-04
2.2560000e+01		2.3521849e-01		7.0942205e-04
2.2580000e+01		2.3514885e-01		7.0958694e-04
2.2600000e+01		2.3507932e-01		7.0975178e-04
2.2620000e+01		2.3500989e-01		7.0991657e-04
2.2640000e+01		2.3494057e-01		7.1008130e-04
2.2660000e+01		2.3487136e-01		7.1024599e-04
2.2680000e+01		2.3480225e-01		7.1041062e-04
2.2700000e+01		2.3473325e-01		7.1057520e-04
2.2720000e+01		2.3466435e-01		7.1073972e-04
2.2740000e+01		2.3459556e-01		7.1090420e-04
2.2760000e+01		2.3452688e-01		7.1106862e-04
2.2780000e+01		2.3445829e-01		7.1123300e-04
2.2800000e+01		2.3438982e-01		7.1139732e-04
2.2820000e+01		2.3432145e-01		7.1156159e-04
2.2840000e+01		2.3425318e-01		7.1172581e-04
2.2860000e+01		2.3418501e-01		7.1188998e-04
2.2880000e+01		2.3411695e-01		7.1205410e-04
2.2900000e+01		2.3404899e-01		7.1221817e-04
2.2920000e+01		2.3398114e-01		7.1238219e-04
2.2940000e+01		2.3391338e-01		7.1254616e-04
2.2960000e+01		2.3384573e-01		7.1271008e-04
2.2980000e+01		2.3377819e-01		7.1287395e-04
2.3000000e+01		2.3371074e-01		7.1303777e-04
2.3020000e+01		2.3364340e-01		7.1320154e-04
2.3040000e+01		2.3357615e-01		7.1336526e-04
2.3060000e+01		2.3350901e-01		7.1352894e-04
2.3080000e+01		2.3344197e-01		7.1369256e-04
2.3100000e+01		2.3337503e-01		7.1385614e-04
2.3120000e+01		2.3330819e-01		7.1401967e-04
2.3140000e+01		2.3324146e-01		7.1418315e-04
2.3160000e+01		2.3317482e-01		7.1434658e-04
2.3180000e+01		2.3310828e-01		7.1450997e-04
2.3200000e+01		2.3304184e-01		7.1467331e-04
2.3220000e+01		2.3297550e-01		7.1483660e-04
2.3240000e+01		2.3290926e-01		7.1499984e-04
2.3260000e+01		2.3284311e-01		7.1516304e-04
2.3280000e+01		2.3277707e-01		7.1532619e-04
2.3300000e+01		2.3271113e-01		7.1548929e-04
2.3320000e+01		2.3264528e-01		7.1565235e-04
2.3340000e+01		2.3257953e-01		7.1581536e-04
2.3360000e+01		2.3251388e-01		7.1597832e-04
2.3380000e+01		2.3244832e-01		7.1614124e-04
2.3400000e+01		2.3238287e-01		7.1630411e-04
2.3420000e+01		2.3231751e-01		7.1646694e-04
2.3440000e+01		2.3225224e-01		7.1662972e-04
2.3460000e+01		2.3218707e-01		7.1679245e-04
2.3480000e+01		2.3212200e-01		7.1695514e-04
2.3500000e+01		2.3205703e-01		7.1711779e-04
2.3520000e+01		2.3199215e-01		7.1728039e-04
2.3540000e+01		2.3192737e-01		7.1744294e-04
2.3560000e+01		2.3186268e-01		7.1760545e-04
2.3580000e+01		2.3179809e-01		7.1776792e-04
2.3600000e+01		2.3173359e-01		7.1793034e-04
2.3620000e+01		2.3166918e-01		7.1809272e-04
2.3640000e+01		2.3160487e-01		7.1825506e-04
2.3660000e+01		2.3154066e-01		7.1841735e-04
2.3680000e+01		2.3147654e-01		7.1857959e-04
2.3700000e+01		2.3141251e-01		7.1874180e-04
2.3720000e+01		2.3134858e-01		7.1890396e-04
2.3740000e+01		2.3128474e-01		7.1906607e-04
2.3760000e+01		2.3122099e-01		7.1922815e-04
2.3780000e+01		2.3115734e-01		7.1939018e-04
2.3800000e+01		2.3109378e-01		7.1955217e-04
2.3820000e+01		2.3103031e-01		7.1971411e-04
2.3840000e+01		2.3096693e-01		7.1987602e-04
2.3860000e+01		2.3090364e-01		7.2003788e-04
2.3880000e+01		2.3084045e-01		7.2019970e-04
2.3900000e+01		2.3077735e-01		7.2036148e-04
2.3920000e+01		2.3071434e-01		7.2052321e-04
2.3940000e+01		2.3065142e-01		7.2068491e-04
2.3960000e+01		2.3058859e-01		7.2084656e-04
2.3980000e+01		2.3052586e-01		7.2100817e-04
2.4000000e+01		2.3046321e-01		7.2116974e-04
2.4020000e+01		2.3040065e-01		7.2133127e-04
2.4040000e+01		2.3033819e-01		7.2149276e-04
2.4060000e+01		2.3027581e-01		7.2165421e-04
2.4080000e+01		2.3021352e-01		7.2181562e-04
2.4100000e+01		2.3015133e-01		7.2197699e-04
2.4120000e+01		2.3008922e-01		7.2213831e-04
2.4140000e+01		2.3002720e-01		7.2229960e-04
2.4160000e+01		2.2996527e-01		7.2246085e-04
2.4180000e+01		2.2990343e-01		7.2262205e-04
2.4200000e+01		2.2984168e-01		7.2278322e-04
2.4220000e+01		2.2978001e-01		7.2294435e-04
2.4240000e+01		2.2971843e-01		7.2310544e-04
2.4260000e+01		2.2965695e-01		7.2326649e-04
2.4280000e+01		2.2959554e-01		7.2342750e-04
2.4300000e+01		2.2953423e-01		7.2358847e-04
2.4320000e+01		2.2947300e-01		7.2374941e-04
2.4340000e+01		2.2941186e-01		7.2391030e-04
2.4360000e+01		2.2935081e-01		7.2407116e-04
2.4380000e+01		2.2928985e-01		7.2423197e-04
2.4400000e+01		2.2922897e-01		7.2439275e-04
2.4420000e+01		2.2916817e-01		7.2455349e-04
2.4440000e+01		2.2910746e-01		7.2471420e-04
2.4460000e+01		2.2904684e-01		7.2487486e-04
2.4480000e+01		2.2898631e-01		7.2503549e-04
2.4500000e+01		2.2892586e-01		7.2519608e-04
2.4520000e+01		2.2886549e-01		7.2535663e-04
2.4540000e+01		2.2880521e-01		7.2551715e-04
2.4560000e+01		2.2874502e-01		7.2567763e-04
2.4580000e+01		2.2868491e-01		7.2583807e-04
2.4600000e+01		2.2862488e-01		7.2599848e-04
2.4620000e+01		2.2856494e-01		7.2615885e-04
2.4640000e+01		2.2850508e-01		7.2631918e-04
2.4660000e+01		2.2844531e-01		7.2647947e-04
2.4680000e+01		2.2838562e-01		7.2663973e-04
2.4700000e+01		2.2832601e-01		7.2679996e-04
2.4720000e+01		2.2826649e-01		7.2696014e-04
2.4740000e+01		2.2820705e-01		7.2712029e-04
2.4760000e+01		2.2814769e-01		7.2728041e-04
2.4780000e+01		2.2808841e-01		7.2744049e-04
2.4800000e+01		2.2802922e-01		7.2760053e-04
2.4820000e+01		2.2797011e-01		7.2776054e-04
2.4840000e+01		2.2791109e-01		7.2792052e-04
2.4860000e+01		2.2785214e-01		7.2808046e-04
2.4880000e+01		2.2779328e-01		7.2824036e-04
2.4900000e+01		2.2773449e-01		7.2840023e-04
2.4920000e+01		2.2767579e-01		7.2856007e-04
2.4940000e+01		2.2761718e-01		7.2871987e-04
2.4960000e+01		2.2755864e-01		7.2887963e-04
2.4980000e+01		2.2750018e-01		7.2903936e-04
2.5000000e+01		2.2744180e-01		7.2919906e-04
2.5020000e+01		2.2738351e-01		7.2935873e-04
2.5040000e+01		2.2732529e-01		7.2951836e-04
2.5060000e+01		2.2726716e-01		7.2967795e-04
2.5080000e+01		2.2720910e-01		7.2983751e-04
2.5100000e+01		2.2715113e-01		7.2999704e-04
2.5120000e+01		2.2709323e-01		7.3015654e-04
2.5140000e+01		2.2703542e-01		7.3031600e-04
2.5160000e+01		2.2697768e-01		7.3047543e-04
2.5180000e+01		2.2692002e-01		7.3063483e-04
2.5200000e+01		2.2686244e-01		7.3079419e-04
2.5220000e+01		2.2680494e-01		7.3095352e-04
2.5240000e+01		2.2674752e-01		7.3111282e-04
2.5260000e+01		2.2669018e-01		7.3127208e-04
2.5280000e+01		2.2663292e-01		7.3143132e-04
2.5300000e+01		2.2657573e-01		7.3159052e-04
2.5320000e+01		2.2651862e-01		7.3174969e-04
2.5340000e+01		2.2646159e-01		7.3190882e-04
2.5360000e+01		2.2640464e-01		7.3206793e-04
2.5380000e+01		2.2634776e-01		7.3222700e-04
2.5400000e+01		2.2629096e-01		7.3238605e-04
2.5420000e+01		2.2623424e-01		7.3254506e-04
2.5440000e+01		2.2617760e-01		7.3270403e-04
2.5460000e+01		2.2612103e-01		7.3286298e-04
2.5480000e+01		2.2606454e-01		7.3302190e-04
2.5500000e+01		2.2600812e-01		7.3318078e-04
2.5520000e+01		2.2595178e-01		7.3333964e-04
2.5540000e+01		2.2589552e-01		7.3349846e-04
2.5560000e+01		2.2583933e-01		7.3365726e-04
2.5580000e+01		2.2578322e-01		7.3381602e-04
2.5600000e+01		2.2572719e-01		7.3397475e-04
2.5620000e+01		2.2567123e-01		7.3413346e-04
2.5640000e+01		2.2561534e-01		7.3429213e-04
2.5660000e+01		2.2555953e-01		7.3445077e-04
2.5680000e+01		2.2550380e-01		7.3460938e-04
2.5700000e+01		2.2544814e-01		7.3476796e-04
2.5720000e+01		2.2539255e-01		7.3492652e-04
2.5740000e+01		2.2533704e-01		7.3508504e-04
2.5760000e+01		2.2528160e-01		7.3524353e-04
2.5780000e+01		2.2522624e-01		7.3540200e-04
2.5800000e+01		2.2517095e-01		7.3556043e-04
2.5820000e+01		2.2511574e-01		7.3571884e-04
2.5840000e+01		2.2506059e-01		7.3587722e-04
2.5860000e+01		2.2500553e-01		7.3603556e-04
2.5880000e+01		2.2495053e-01		7.3619388e-04
2.5900000e+01		2.2489561e-01		7.3635217e-04
2.5920000e+01		2.2484076e-01		7.3651044e-04
2.5940000e+01		2.2478598e-01		7.3666867e-04
2.5960000e+01		2.2473128e-01		7.3682688e-04
2.5980000e+01		2.2467665e-01		7.3698505e-04
2.6000000e+01		2.2462209e-01		7.3714320e-04
2.6020000e+01		2.2456761e-01		7.3730132e-04
2.6040000e+01		2.2451319e-01		7.3745942e-04
2.6060000e+01		2.2445885e-01		7.3761748e-04
2.6080000e+01		2.2440458e-01		7.3777552e-04
2.6100000e+01		2.2435038e-01		7.3793353e-04
2.6120000e+01		2.2429625e-01		7.3809151e-04
2.6140000e+01		2.2424219e-01		7.3824947e-04
2.6160000e+01		2.2418821e-01		7.3840740e-04
2.6180000e+01		2.2413430e-01		7.3856530e-04
2.6200000e+01		2.2408045e-01		7.3872317e-04
2.6220000e+01		2.2402668e-01		7.3888102e-04
2.6240000e+01		2.2397298e-01		7.3903884e-04
2.6260000e+01		2.2391934e-01		7.3919664e-04
2.6280000e+01		2.2386578e-01		7.3935441e-04
2.6300000e+01		2.2381229e-01		7.3951215e-04
2.6320000e+01		2.2375887e-01		7.3966986e-04
2.6340000e+01		2.2370552e-01		7.3982755e-04
2.6360000e+01		2.2365223e-01		7.3998521e-04
2.6380000e+01		2.2359902e-01		7.4014285e-04
2.6400000e+01		2.2354588e-01		7.4030046e-04
2.6420000e+01		2.2349280e-01		7.4045805e-04
2.6440000e+01		2.2343980e-01		7.4061561e-04
2.6460000e+01		2.2338686e-01		7.4077314e-04
2.6480000e+01		2.2333399e-01		7.4093065e-04
2.6500000e+01		2.2328119e-01		7.4108813e-04
2.6520000e+01		2.2322846e-01		7.4124559e-04
2.6540000e+01		2.2317580e-01		7.4140302e-04
2.6560000e+01		2.2312320e-01		7.4156043e-04
2.6580000e+01		2.2307068e-01		7.4171781e-04
2.6600000e+01		2.2301822e-01		7.4187517e-04
2.6620000e+01		2.2296583e-01		7.4203250e-04
2.6640000e+01		2.2291350e-01		7.4218981e-04
2.6660000e+01		2.2286125e-01		7.4234709e-04
2.6680000e+01		2.2280906e-01		7.4250435e-04
2.6700000e+01		2.2275694e-01		7.4266159e-04
2.6720000e+01		2.2270488e-01		7.4281880e-04
2.6740000e+01		2.2265289e-01		7.4297599e-04
2.6760000e+01		2.2260097e-01		7.4313315e-04
2.6780000e+01		2.2254912e-01		7.4329029e-04
2.6800000e+01		2.2249733e-01		7.4344740e-04
2.6820000e+01		2.2244561e-01		7.4360449e-04
2.6840000e+01		2.2239395e-01		7.4376156e-04
2.6860000e+01		2.2234236e-01		7.4391860e-04
2.6880000e+01		2.2229084e-01		7.4407562e-04
2.6900000e+01		2.2223938e-01		7.4423262e-04
2.6920000e+01		2.2218799e-01		7.4438960e-04
2.6940000e+01		2.2213666e-01		7.4454655e-04
2.6960000e+01		2.2208540e-01		7.4470348e-04
2.6980000e+01		2.2203421e-01		7.4486038e-04
2.7000000e+01		2.2198308e-01		7.4501726e-04
2.7020000e+01		2.2193201e-01		7.4517412e-04
2.7040000e+01		2.2188101e-01		7.4533096e-04
2.7060000e+01		2.2183007e-01		7.4548777e-04
2.7080000e+01		2.2177920e-01		7.4564456e-04
2.7100000e+01		2.2172839e-01		7.4580133e-04
2.7120000e+01		2.2167765e-01		7.4595808e-04
2.7140000e+01		2.2162697e-01		7.4611481e-04
2.7160000e+01		2.2157635e-01		7.4627151e-04
2.7180000e+01		2.2152580e-01		7.4642819e-04
2.7200000e+01		2.2147532e-01		7.4658485e-04
2.7220000e+01		2.2142489e-01		7.4674149e-04
2.7240000e+01		2.2137453e-01		7.4689810e-04
2.7260000e+01		2.2132423e-01		7.4705470e-04
2.7280000e+01		2.2127400e-01		7.4721127e-04
2.7300000e+01		2.2122383e-01		7.4736782e-04
2.7320000e+01		2.2117372e-01		7.4752435e-04
2.7340000e+01		2.2112368e-01		7.4768086e-04
2.7360000e+01		2.2107369e-01		7.4783735e-04
2.7380000e+01		2.2102377e-01		7.4799382e-04
2.7400000e+01		2.2097392e-01		7.4815026e-04
2.7420000e+01		2.2092412e-01		7.4830669e-04
2.7440000e+01		2.2087439e-01		7.4846309e-04
2.7460000e+01		2.2082472e-01		7.4861947e-04
2.7480000e+01		2.2077511e-01		7.4877584e-04
2.7500000e+01		2.2072556e-01		7.4893218e-04
2.7520000e+01		2.2067608e-01		7.4908850e-04
2.7540000e+01		2.2062665e-01		7.4924480e-04
2.7560000e+01		2.2057729e-01		7.4940109e-04
2.7580000e+01		2.2052799e-01		7.4955735e-04
2.7600000e+01		2.2047875e-01		7.4971359e-04
2.7620000e+01		2.2042957e-01		7.4986981e-04
2.7640000e+01		2.2038045e-01		7.5002601e-04
2.7660000e+01		2.2033140e-01		7.5018219e-04
2.7680000e+01		2.2028240e-01		7.5033836e-04
2.7700000e+01		2.2023346e-01		7.5049450e-04
2.7720000e+01		2.2018459e-01		7.5065062e-04
2.7740000e+01		2.2013577e-01		7.5080673e-04
2.7760000e+01		2.2008702e-01		7.5096281e-04
2.7780000e+01		2.2003832e-01		7.5111888e-04
2.7800000e+01		2.1998969e-01		7.5127492e-04
2.7820000e+01		2.1994111e-01		7.5143095e-04
2.7840000e+01		2.1989260e-01		7.5158696e-04
2.7860000e+01		2.1984414e-01		7.5174295e-04
2.7880000e+01		2.1979575e-01		7.5189892e-04
2.7900000e+01		2.1974741e-01		7.5205487e-04
2.7920000e+01		2.1969913e-01		7.5221081e-04
2.7940000e+01		2.1965092e-01		7.5236672e-04
2.7960000e+01		2.1960276e-01		7.5252262e-04
2.7980000e+01		2.1955466e-01		7.5267850e-04
2.8000000e+01		2.1950661e-01		7.5283436e-04
2.8020000e+01		2.1945863e-01		7.5299020e-04
2.8040000e+01		2.1941071e-01		7.5314602e-04
2.8060000e+01		2.1936284e-01		7.5330183e-04
2.8080000e+01		2.1931503e-01		7.5345762e-04
2.8100000e+01		2.1926728e-01		7.5361339e-04
2.8120000e+01		2.1921959e-01		7.5376914e-04
2.8140000e+01		2.1917196e-01		7.5392488e-04
2.8160000e+01		2.1912438e-01		7.5408059e-04
2.8180000e+01		2.1907686e-01		7.5423629e-04
2.8200000e+01		2.1902940e-01		7.5439198e-04
2.8220000e+01		2.1898200e-01		7.5454764e-04
2.8240000e+01		2.1893465e-01		7.5470329e-04
2.8260000e+01		2.1888737e-01		7.5485892e-04
2.8280000e+01		2.1884013e-01		7.5501453e-04
2.8300000e+01		2.1879296e-01		7.5517013e-04
2.8320000e+01		2.1874584e-01		7.5532571e-04
2.8340000e+01		2.1869878e-01		7.5548127e-04
2.8360000e+01		2.1865178e-01		7.5563682e-04
2.8380000e+01		2.1860483e-01		7.5579235e-04
2.8400000e+01		2.1855794e-01		7.5594786e-04
2.8420000e+01		2.1851111e-01		7.5610336e-04
2.8440000e+01		2.1846433e-01		7.5625884e-04
2.8460000e+01		2.1841761e-01		7.5641430e-04
2.8480000e+01		2.1837094e-01		7.5656975e-04
2.8500000e+01		2.1832433e-01		7.5672518e-04
2.8520000e+01		2.1827778e-01		7.5688060e-04
2.8540000e+01		2.1823128e-01		7.5703600e-04
2.8560000e+01		2.1818484e-01		7.5719138e-04
2.8580000e+01		2.1813845e-01		7.5734675e-04
2.8600000e+01		2.1809212e-01		7.5750210e-04
2.8620000e+01		2.1804584e-01		7.5765744e-04
2.8640000e+01		2.1799962e-01		7.5781276e-04
2.8660000e+01		2.1795345e-01		7.5796806e-04
2.8680000e+01		2.1790734e-01		7.5812335e-04
2.8700000e+01		2.1786128e-01		7.5827863e-04
2.8720000e+01		2.1781528e-01		7.5843388e-04
2.8740000e+01		2.1776933e-01		7.5858913e-04
2.8760000e+01		2.1772344e-01		7.5874436e-04
2.8780000e+01		2.1767760e-01		7.5889957e-04
2.8800000e+01		2.1763182e-01		7.5905477e-04
2.8820000e+01		2.1758609e-01		7.5920995e-04
2.8840000e+01		2.1754041e-01		7.5936512e-04
2.8860000e+01		2.1749479e-01		7.5952028e-04
2.8880000e+01		2.1744922e-01		7.5967541e-04
2.8900000e+01		2.1740371e-01		7.5983054e-04
2.8920000e+01		2.1735825e-01		7.5998565e-04
2.8940000e+01		2.1731284e-01		7.6014075e-04
2.8960000e+01		2.1726749e-01		7.6029583e-04
2.8980000e+01		2.1722219e-01		7.6045089e-04
2.9000000e+01		2.1717694e-01		7.6060595e-04
2.9020000e+01		2.1713175e-01		7.6076099e-04
2.9040000e+01		2.1708661e-01		7.6091601e-04
2.9060000e+01		2.1704152e-01		7.6107102e-04
2.9080000e+01		2.1699648e-01		7.6122602e-04
2.9100000e+01		2.1695150e-01		7.6138100e-04
2.9120000e+01		2.1690657e-01		7.6153597e-04
2.9140000e+01		2.1686169e-01		7.6169093e-04
2.9160000e+01		2.1681687e-01		7.6184587e-04
2.9180000e+01		2.1677210e-01		7.6200080e-04
2.9200000e+01		2.1672738e-01		7.6215571e-04
2.9220000e+01		2.1668271e-01		7.6231061e-04
2.9240000e+01		2.1663809e-01		7.6246550e-04
2.9260000e+01		2.1659353e-01		7.6262038e-04
2.9280000e+01		2.1654902e-01		7.6277524e-04
2.9300000e+01		2.1650456e-01		7.6293009e-04
2.9320000e+01		2.1646015e-01		7.6308492e-04
2.9340000e+01		2.1641579e-01		7.6323974e-04
2.9360000e+01		2.1637149e-01		7.6339455e-04
2.9380000e+01		2.1632723e-01		7.6354935e-04
2.9400000e+01		2.1628303e-01		7.6370413e-04
2.9420000e+01		2.1623888e-01		7.6385891e-04
2.9440000e+01		2.1619478e-01		7.6401367e-04
2.9460000e+01		2.1615073e-01		7.6416841e-04
2.9480000e+01		2.1610673e-01		7.6432315e-04
2.9500000e+01		2.1606278e-01		7.6447787e-04
2.9520000e+01		2.1601888e-01		7.6463258e-04
2.9540000e+01		2.1597504e-01		7.6478727e-04
2.9560000e+01		2.1593124e-01		7.6494196e-04
2.9580000e+01		2.1588749e-01		7.6509663e-04
2.9600000e+01		2.1584380e-01		7.6525129e-04
2.9620000e+01		2.1580015e-01		7.6540594e-04
2.9640000e+01		2.1575656e-01		7.6556058e-04
2.9660000e+01		2.1571301e-01		7.6571520e-04
2.9680000e+01		2.1566951e-01		7.6586982e-04
2.9700000e+01		2.1562607e-01		7.6602442e-04
2.9720000e+01		2.1558267e-01		7.6617901e-04
2.9740000e+01		2.1553933e-01		7.6633359e-04
2.9760000e+01		2.1549603e-01		7.6648815e-04
2.9780000e+01		2.1545278e-01		7.6664271e-04
2.9800000e+01		2.1540958e-01		7.6679725e-04
2.9820000e+01		2.1536643e-01		7.6695179e-04
2.9840000e+01		2.1532333e-01		7.6710631e-04
2.9860000e+01		2.1528028e-01		7.6726082e-04
2.9880000e+01		2.1523728e-01		7.6741532e-04
2.9900000e+01		2.1519433e-01		7.6756981e-04
2.9920000e+01		2.1515143e-01		7.6772428e-04
2.9940000e+01		2.1510857e-01		7.6787875e-04
2.9960000e+01		2.1506576e-01		7.6803321e-04
2.9980000e+01		2.1502300e-01		7.6818765e-04
3.0000000e+01		2.1498030e-01		7.6834209e-04
3.0020000e+01		2.1493763e-01		7.6849651e-04
3.0040000e+01		2.1489502e-01		7.6865092e-04
3.0060000e+01		2.1485246e-01		7.6880533e-04
3.0080000e+01		2.1480994e-01		7.6895972e-04
3.0100000e+01		2.1476747e-01		7.6911410e-04
3.0120000e+01		2.1472505e-01		7.6926847e-04
3.0140000e+01		2.1468267e-01		7.6942283e-04
3.0160000e+01		2.1464035e-01		7.6957719e-04
3.0180000e+01		2.1459807e-01		7.6973153e-04
3.0200000e+01		2.1455584e-01		7.6988586e-04
3.0220000e+01		2.1451366e-01		7.7004018e-04
3.0240000e+01		2.1447152e-01		7.7019449e-04
3.0260000e+01		2.1442943e-01		7.7034879e-04
3.0280000e+01		2.1438739e-01		7.7050309e-04
3.0300000e+01		2.1434540e-01		7.7065737e-04
3.0320000e+01		2.1430345e-01		7.7081164e-04
3.0340000e+01		2.1426155e-01		7.7096590e-04
3.0360000e+01		2.1421970e-01		7.7112016e-04
3.0380000e+01		2.1417789e-01		7.7127440e-04
3.0400000e+01		2.1413613e-01		7.7142864e-04
3.0420000e+01		2.1409442e-01		7.7158286e-04
3.0440000e+01		2.1405275e-01		7.7173708e-04
3.0460000e+01		2.1401113e-01		7.7189129e-04
3.0480000e+01		2.1396955e-01		7.7204549e-04
3.0500000e+01		2.1392803e-01		7.7219967e-04
3.0520000e+01		2.1388654e-01		7.7235385e-04
3.0540000e+01		2.1384511e-01		7.7250803e-04
3.0560000e+01		2.1380372e-01		7.7266219e-04
3.0580000e+01		2.1376238e-01		7.7281634e-04
3.0600000e+01		2.1372108e-01		7.7297049e-04
3.0620000e+01		2.1367982e-01		7.7312462e-04
3.0640000e+01		2.1363862e-01		7.7327875e-04
3.0660000e+01		2.1359746e-01		7.7343287e-04
3.0680000e+01		2.1355634e-01		7.7358698e-04
3.0700000e+01		2.1351527e-01		7.7374108e-04
3.0720000e+01		2.1347425e-01		7.7389518e-04
3.0740000e+01		2.1343327e-01		7.7404926e-04
3.0760000e+01		2.1339233e-01		7.7420334e-04
3.0780000e+01		2.1335144e-01		7.7435741e-04
3.0800000e+01		2.1331060e-01		7.7451147e-04
3.0820000e+01		2.1326980e-01		7.7466552e-04
3.0840000e+01		2.1322904e-01		7.7481957e-04
3.0860000e+01		2.1318833e-01		7.7497360e-04
3.0880000e+01		2.1314767e-01		7.7512763e-04
3.0900000e+01		2.1310705e-01		7.7528165e-04
3.0920000e+01		2.1306647e-01		7.7543567e-04
3.0940000e+01		2.1302594e-01		7.7558967e-04
3.0960000e+01		2.1298545e-01		7.7574367e-04
3.0980000e+01		2.1294501e-01		7.7589766e-04
3.1000000e+01		2.1290461e-01		7.7605164e-04
3.1020000e+01		2.1286425e-01		7.7620562e-04
3.1040000e+01		2.1282394e-01		7.7635959e-04
3.1060000e+01		2.1278367e-01		7.7651355e-04
3.1080000e+01		2.1274345e-01		7.7666750e-04
3.1100000e+01		2.1270327e-01		7.7682145e-04
3.1120000e+01		2.1266313e-01		7.7697539e-04
3.1140000e+01		2.1262304e-01		7.7712932e-04
3.1160000e+01		2.1258299e-01		7.7728325e-04
3.1180000e+01		2.1254299e-01		7.7743716e-04
3.1200000e+01		2.1250302e-01		7.7759107e-04
3.1220000e+01		2.1246311e-01		7.7774498e-04
3.1240000e+01		2.1242323e-01		7.7789888e-04
3.1260000e+01		2.1238340e-01		7.7805277e-04
3.1280000e+01		2.1234361e-01		7.7820665e-04
3.1300000e+01		2.1230386e-01		7.7836053e-04
3.1320000e+01		2.1226416e-01		7.7851440e-04
3.1340000e+01		2.1222450e-01		7.7866826e-04
3.1360000e+01		2.1218488e-01		7.7882212e-04
3.1380000e+01		2.1214531e-01		7.7897597e-04
3.1400000e+01		2.1210577e-01		7.7912982e-04
3.1420000e+01		2.1206628e-01		7.7928365e-04
3.1440000e+01		2.1202684e-01		7.7943749e-04
3.1460000e+01		2.1198743e-01		7.7959131e-04
3.1480000e+01		2.1194807e-01		7.7974513e-04
3.1500000e+01		2.1190875e-01		7.7989895e-04
3.1520000e+01		2.1186947e-01		7.8005276e-04
3.1540000e+01		2.1183023e-01		7.8020656e-04
3.1560000e+01		2.1179104e-01		7.8036035e-04
3.1580000e+01		2.1175189e-01		7.8051414e-04
3.1600000e+01		2.1171277e-01		7.8066793e-04
3.1620000e+01		2.1167371e-01		7.8082171e-04
3.1640000e+01		2.1163468e-01		7.8097548e-04
3.1660000e+01		2.1159569e-01		7.8112925e-04
3.1680000e+01		2.1155675e-01		7.8128301e-04
3.1700000e+01		2.1151785e-01		7.8143676e-04
3.1720000e+01		2.1147899e-01		7.8159051e-04
3.1740000e+01		2.1144017e-01		7.8174426e-04
3.1760000e+01		2.1140139e-01		7.8189800e-04
3.1780000e+01		2.1136265e-01		7.8205173e-04
3.1800000e+01		2.1132395e-01		7.8220546e-04
3.1820000e+01		2.1128530e-01		7.8235919e-04
3.1840000e+01		2.1124669e-01		7.8251291e-04
3.1860000e+01		2.1120811e-01		7.8266662e-04
3.1880000e+01		2.1116958e-01		7.8282033e-04
3.1900000e+01		2.1113109e-01		7.8297403e-04
3.1920000e+01		2.1109264e-01		7.8312773e-04
3.1940000e+01		2.1105423e-01		7.8328143e-04
3.1960000e+01		2.1101586e-01		7.8343512e-04
3.1980000e+01		2.1097753e-01		7.8358880e-04
3.2000000e+01		2.1093924e-01		7.8374248e-04
3.2020000e+01		2.1090099e-01		7.8389615e-04
3.2040000e+01		2.1086278e-01		7.8404982e-04
3.2060000e+01		2.1082461e-01		7.8420349e-04
3.2080000e+01		2.1078649e-01		7.8435715e-04
3.2100000e+01		2.1074840e-01		7.8451081e-04
3.2120000e+01		2.1071035e-01		7.8466446e-04
3.2140000e+01		2.1067234e-01		7.8481811e-04
3.2160000e+01		2.1063437e-01		7.8497175e-04
3.2180000e+01		2.1059645e-01		7.8512539e-04
3.2200000e+01		2.1055856e-01		7.8527903e-04
3.2220000e+01		2.1052071e-01		7.8543266e-04
3.2240000e+01		2.1048290e-01		7.8558629e-04
3.2260000e+01		2.1044513e-01		7.8573991e-04
3.2280000e+01		2.1040740e-01		7.8589353e-04
3.2300000e+01		2.1036971e-01		7.8604714e-04
3.2320000e+01		2.1033206e-01		7.8620075e-04
3.2340000e+01		2.1029444e-01		7.8635436e-04
3.2360000e+01		2.1025687e-01		7.8650797e-04
3.2380000e+01		2.1021934e-01		7.8666157e-04
3.2400000e+01		2.1018184e-01		7.8681516e-04
3.2420000e+01		2.1014438e-01		7.8696875e-04
3.2440000e+01		2.1010697e-01		7.8712234e-04
3.2460000e+01		2.1006959e-01		7.8727593e-04
3.2480000e+01		2.1003225e-01		7.8742951e-04
3.2500000e+01		2.0999495e-01		7.8758309e-04
3.2520000e+01		2.0995768e-01		7.8773666e-04
3.2540000e+01		2.0992046e-01		7.8789023e-04
3.2560000e+01		2.0988327e-01		7.8804380e-04
3.2580000e+01		2.0984613e-01		7.8819737e-04
3.2600000e+01		2.0980902e-01		7.8835093e-04
3.2620000e+01		2.0977195e-01		7.8850449e-04
3.2640000e+01		2.0973491e-01		7.8865804e-04
3.2660000e+01		2.0969792e-01		7.8881160e-04
3.2680000e+01		2.0966096e-01		7.8896515e-04
3.2700000e+01		2.0962404e-01		7.8911869e-04
3.2720000e+01		2.0958716e-01		7.8927224e-04
3.2740000e+01		2.0955032e-01		7.8942578e-04
3.2760000e+01		2.0951352e-01		7.8957932e-04
3.2780000e+01		2.0947675e-01		7.8973285e-04
3.2800000e+01		2.0944002e-01		7.8988638e-04
3.2820000e+01		2.0940333e-01		7.9003991e-04
3.2840000e+01		2.0936668e-01		7.9019344e-04
3.2860000e+01		2.0933006e-01		7.9034697e-04
3.2880000e+01		2.0929348e-01		7.9050049e-04
3.2900000e+01		2.0925694e-01		7.9065401e-04
3.2920000e+01		2.0922044e-01		7.9080753e-04
3.2940000e+01		2.0918397e-01		7.9096104e-04
3.2960000e+01		2.0914754e-01		7.9111455e-04
3.2980000e+01		2.0911115e-01		7.9126807e-04
3.3000000e+01		2.0907479e-01		7.9142157e-04
3.3020000e+01		2.0903847e-01		7.9157508e-04
3.3040000e+01		2.0900219e-01		7.9172858e-04
3.3060000e+01		2.0896595e-01		7.9188209e-04
3.3080000e+01		2.0892974e-01		7.9203559e-04
3.3100000e+01		2.0889357e-01		7.9218908e-04
3.3120000e+01		2.0885743e-01		7.9234258e-04
3.3140000e+01		2.0882133e-01		7.9249607e-04
3.3160000e+01		2.0878527e-01		7.9264956e-04
3.3180000e+01		2.0874925e-01		7.9280306e-04
3.3200000e+01		2.0871326e-01		7.9295654e-04
3.3220000e+01		2.0867731e-01		7.9311003e-04
3.3240000e+01		2.0864139e-01		7.9326352e-04
3.3260000e+01		2.0860551e-01		7.9341700e-04
3.3280000e+01		2.0856967e-01		7.9357048e-04
3.3300000e+01		2.0853386e-01		7.9372396e-04
3.3320000e+01		2.0849809e-01		7.9387744e-04
3.3340000e+01		2.0846236e-01		7.9403092e-04
3.3360000e+01		2.0842666e-01		7.9418439e-04
3.3380000e+01		2.0839099e-01		7.9433787e-04
3.3400000e+01		2.0835537e-01		7.9449134e-04
3.3420000e+01		2.0831977e-01		7.9464481e-04
3.3440000e+01		2.0828422e-01		7.9479829e-04
3.3460000e+01		2.0824870e-01		7.9495175e-04
3.3480000e+01		2.0821321e-01		7.9510522e-04
3.3500000e+01		2.0817776e-01		7.9525869e-04
3.3520000e+01		2.0814235e-01		7.9541216e-04
3.3540000e+01		2.0810697e-01		7.9556562e-04
3.3560000e+01		2.0807163e-01		7.9571909e-04
3.3580000e+01		2.0803632e-01		7.9587255e-04
3.3600000e+01		2.0800105e-01		7.9602601e-04
3.3620000e+01		2.0796581e-01		7.9617948e-04
3.3640000e+01		2.0793061e-01		7.9633294e-04
3.3660000e+01		2.0789544e-01		7.9648640e-04
3.3680000e+01		2.0786031e-01		7.9663986e-04
3.3700000e+01		2.0782521e-01		7.9679332e-04
3.3720000e+01		2.0779015e-01		7.9694678e-04
3.3740000e+01		2.0775512e-01		7.9710023e-04
3.3760000e+01		2.0772013e-01		7.9725369e-04
3.3780000e+01		2.0768517e-01		7.9740715e-04
3.3800000e+01		2.0765025e-01		7.9756060e-04
3.3820000e+01		2.0761536e-01		7.9771406e-04
3.3840000e+01		2.0758051e-01		7.9786752e-04
3.3860000e+01		2.0754569e-01		7.9802097e-04
3.3880000e+01		2.0751090e-01		7.9817443e-04
3.3900000e+01		2.0747615e-01		7.9832788e-04
3.3920000e+01		2.0744143e-01		7.9848134e-04
3.3940000e+01		2.0740675e-01		7.9863479e-04
3.3960000e+01		2.0737210e-01		7.9878825e-04
3.3980000e+01		2.0733749e-01		7.9894170e-04
3.4000000e+01		2.0730291e-01		7.9909516e-04
3.4020000e+01		2.0726836e-01		7.9924861e-04
3.4040000e+01		2.0723385e-01		7.9940207e-04
3.4060000e+01		2.0719937e-01		7.9955552e-04
3.4080000e+01		2.0716493e-01		7.9970898e-04
3.4100000e+01		2.0713052e-01		7.9986243e-04
3.4120000e+01		2.0709614e-01		8.0001589e-04
3.4140000e+01		2.0706180e-01		8.0016934e-04
3.4160000e+01		2.0702749e-01		8.0032280e-04
3.4180000e+01		2.0699321e-01		8.0047626e-04
3.4200000e+01		2.0695897e-01		8.0062971e-04
3.4220000e+01		2.0692476e-01		8.0078317e-04
3.4240000e+01		2.0689059e-01		8.0093663e-04
3.4260000e+01		2.0685645e-01		8.0109009e-04
3.4280000e+01		2.0682234e-01		8.0124355e-04
3.4300000e+01		2.0678826e-01		8.0139701e-04
3.4320000e+01		2.0675422e-01		8.0155047e-04
3.4340000e+01		2.0672021e-01		8.0170393e-04
3.4360000e+01		2.0668624e-01		8.0185739e-04
3.4380000e+01		2.0665229e-01		8.0201085e-04
3.4400000e+01		2.0661838e-01		8.0216432e-04
3.4420000e+01		2.0658451e-01		8.0231778e-04
3.4440000e+01		2.0655066e-01		8.0247125e-04
3.4460000e+01		2.0651685e-01		8.0262471e-04
3.4480000e+01		2.0648307e-01		8.0277818e-04
3.4500000e+01		2.0644933e-01		8.0293165e-04
3.4520000e+01		2.0641561e-01		8.0308512e-04
3.4540000e+01		2.0638193e-01		8.0323859e-04
3.4560000e+01		2.0634828e-01		8.0339206e-04
3.4580000e+01		2.0631467e-01		8.0354553e-04
3.4600000e+01		2.0628108e-01		8.0369901e-04
3.4620000e+01		2.0624753e-01		8.0385248e-04
3.4640000e+01		2.0621402e-01		8.0400596e-04
3.4660000e+01		2.0618053e-01		8.0415944e-04
3.4680000e+01		2.0614708e-01		8.0431292e-04
3.4700000e+01		2.0611365e-01		8.0446640e-04
3.4720000e+01		2.0608026e-01		8.0461988e-04
3.4740000e+01		2.0604691e-01		8.0477336e-04
3.4760000e+01		2.0601358e-01		8.0492685e-04
3.4780000e+01		2.0598029e-01		8.0507913e-04
3.4800000e+01		2.0594703e-01		8.0523022e-04
3.4820000e+01		2.0591380e-01		8.0538133e-04
3.4840000e+01		2.0588060e-01		8.0553247e-04
3.4860000e+01		2.0584743e-01		8.0568363e-04
3.4880000e+01		2.0581430e-01		8.0583482e-04
3.4900000e+01		2.0578120e-01		8.0598604e-04
3.4920000e+01		2.0574813e-01		8.0613729e-04
3.4940000e+01		2.0571509e-01		8.0628855e-04
3.4960000e+01		2.0568208e-01		8.0643985e-04
3.4980000e+01		2.0564911e-01		8.0659117e-04
3.5000000e+01		2.0561616e-01		8.0674252e-04
3.5020000e+01		2.0558325e-01		8.0689389e-04
3.5040000e+01		2.0555037e-01		8.0704529e-04
3.5060000e+01		2.0551752e-01		8.0719671e-04
3.5080000e+01		2.0548470e-01		8.0734816e-04
3.5100000e+01		2.0545191e-01		8.0749963e-04
3.5120000e+01		2.0541916e-01		8.0765113e-04
3.5140000e+01		2.0538643e-01		8.0780265e-04
3.5160000e+01		2.0535374e-01		8.0795420e-04
3.5180000e+01		2.0532108e-01		8.0810577e-04
3.5200000e+01		2.0528844e-01		8.0825737e-04
3.5220000e+01		2.0525584e-01		8.0840899e-04
3.5240000e+01		2.0522327e-01		8.0856064e-04
3.5260000e+01		2.0519074e-01		8.0871231e-04
3.5280000e+01		2.0515823e-01		8.0886400e-04
3.5300000e+01		2.0512575e-01		8.0901572e-04
3.5320000e+01		2.0509330e-01		8.0916747e-04
3.5340000e+01		2.0506089e-01		8.0931923e-04
3.5360000e+01		2.0502850e-01		8.0947103e-04
3.5380000e+01		2.0499615e-01		8.0962284e-04
3.5400000e+01		2.0496382e-01		8.0977468e-04
3.5420000e+01		2.0493153e-01		8.0992654e-04
3.5440000e+01		2.0489926e-01		8.1007843e-04
3.5460000e+01		2.0486703e-01		8.1023034e-04
3.5480000e+01		2.0483483e-01		8.1038227e-04
3.5500000e+01		2.0480265e-01		8.1053423e-04
3.5520000e+01		2.0477051e-01		8.1068621e-04
3.5540000e+01		2.0473840e-01		8.1083821e-04
3.5560000e+01		2.0470632e-01		8.1099024e-04
3.5580000e+01		2.0467426e-01		8.1114229e-04
3.5600000e+01		2.0464224e-01		8.1129436e-04
3.5620000e+01		2.0461025e-01		8.1144645e-04
3.5640000e+01		2.0457829e-01		8.1159857e-04
3.5660000e+01		2.0454636e-01		8.1175071e-04
3.5680000e+01		2.0451445e-01		8.1190287e-04
3.5700000e+01		2.0448258e-01		8.1205505e-04
3.5720000e+01		2.0445074e-01		8.1220726e-04
3.5740000e+01		2.0441892e-01		8.1235949e-04
3.5760000e+01		2.0438714e-01		8.1251174e-04
3.5780000e+01		2.0435538e-01		8.1266401e-04
3.5800000e+01		2.0432366e-01		8.1281631e-04
3.5820000e+01		2.0429196e-01		8.1296862e-04
3.5840000e+01		2.0426030e-01		8.1312096e-04
3.5860000e+01		2.0422866e-01		8.1327332e-04
3.5880000e+01		2.0419706e-01		8.1342570e-04
3.5900000e+01		2.0416548e-01		8.1357811e-04
3.5920000e+01		2.0413393e-01		8.1373053e-04
3.5940000e+01		2.0410241e-01		8.1388298e-04
3.5960000e+01		2.0407092e-01		8.1403544e-04
3.5980000e+01		2.0403946e-01		8.1418793e-04
3.6000000e+01		2.0400803e-01		8.1434044e-04
3.6020000e+01		2.0397662e-01		8.1449297e-04
3.6040000e+01		2.0394525e-01		8.1464552e-04
3.6060000e+01		2.0391390e-01		8.1479809e-04
3.6080000e+01		2.0388259e-01		8.1495068e-04
3.6100000e+01		2.0385130e-01		8.1510329e-04
3.6120000e+01		2.0382004e-01		8.1525592e-04
3.6140000e+01		2.0378881e-01		8.1540858e-04
3.6160000e+01		2.0375761e-01		8.1556125e-04
3.6180000e+01		2.0372644e-01		8.1571394e-04
3.6200000e+01		2.0369530e-01		8.1586665e-04
3.6220000e+01		2.0366418e-01		8.1601939e-04
3.6240000e+01		2.0363309e-01		8.1617214e-04
3.6260000e+01		2.0360204e-01		8.1632491e-04
3.6280000e+01		2.0357101e-01		8.1647770e-04
3.6300000e+01		2.0354000e-01		8.1663052e-04
3.6320000e+01		2.0350903e-01		8.1678335e-04
3.6340000e+01		2.0347809e-01		8.1693620e-04
3.6360000e+01		2.0344717e-01		8.1708907e-04
3.6380000e+01		2.0341628e-01		8.1724195e-04
3.6400000e+01		2.0338542e-01		8.1739486e-04
3.6420000e+01		2.0335459e-01		8.1754779e-04
3.6440000e+01		2.0332379e-01		8.1770073e-04
3.6460000e+01		2.0329301e-01		8.1785370e-04
3.6480000e+01		2.0326226e-01		8.1800668e-04
3.6500000e+01		2.0323154e-01		8.1815968e-04
3.6520000e+01		2.0320085e-01		8.1831270e-04
3.6540000e+01		2.0317019e-01		8.1846574e-04
3.6560000e+01		2.0313955e-01		8.1861880e-04
3.6580000e+01		2.0310894e-01		8.1877188e-04
3.6600000e+01		2.0307836e-01		8.1892497e-04
3.6620000e+01		2.0304781e-01		8.1907808e-04
3.6640000e+01		2.0301728e-01		8.1923121e-04
3.6660000e+01		2.0298678e-01		8.1938436e-04
3.6680000e+01		2.0295631e-01		8.1953752e-04
3.6700000e+01		2.0292587e-01		8.1969070e-04
3.6720000e+01		2.0289546e-01		8.1984390e-04
3.6740000e+01		2.0286507e-01		8.1999712e-04
3.6760000e+01		2.0283471e-01		8.2015036e-04
3.6780000e+01		2.0280437e-01		8.2030361e-04
3.6800000e+01		2.0277407e-01		8.2045688e-04
3.6820000e+01		2.0274379e-01		8.2061016e-04
3.6840000e+01		2.0271354e-01		8.2076347e-04
3.6860000e+01		2.0268332e-01		8.2091679e-04
3.6880000e+01		2.0265312e-01		8.2107013e-04
3.6900000e+01		2.0262295e-01		8.2122348e-04
3.6920000e+01		2.0259281e-01		8.2137685e-04
3.6940000e+01		2.0256269e-01		8.2153024e-04
3.6960000e+01		2.0253260e-01		8.2168364e-04
3.6980000e+01		2.0250254e-01		8.2183706e-04
3.7000000e+01		2.0247250e-01		8.2199050e-04
3.7020000e+01		2.0244250e-01		8.2214395e-04
3.7040000e+01		2.0241251e-01		8.2229742e-04
3.7060000e+01		2.0238256e-01		8.2245090e-04
3.7080000e+01		2.0235263e-01		8.2260440e-04
3.7100000e+01		2.0232273e-01		8.2275792e-04
3.7120000e+01		2.0229286e-01		8.2291145e-04
3.7140000e+01		2.0226301e-01		8.2306499e-04
3.7160000e+01		2.0223319e-01		8.2321856e-04
3.7180000e+01		2.0220339e-01		8.2337213e-04
3.7200000e+01		2.0217362e-01		8.2352573e-04
3.7220000e+01		2.0214388e-01		8.2367933e-04
3.7240000e+01		2.0211417e-01		8.2383296e-04
3.7260000e+01		2.0208448e-01		8.2398659e-04
3.7280000e+01		2.0205482e-01		8.2414025e-04
3.7300000e+01		2.0202518e-01		8.2429392e-04
3.7320000e+01		2.0199557e-01		8.2444760e-04
3.7340000e+01		2.0196598e-01		8.2460129e-04
3.7360000e+01		2.0193643e-01		8.2475501e-04
3.7380000e+01		2.0190689e-01		8.2490873e-04
3.7400000e+01		2.0187739e-01		8.2506247e-04
3.7420000e+01		2.0184791e-01		8.2521623e-04
3.7440000e+01		2.0181846e-01		8.2536999e-04
3.7460000e+01		2.0178903e-01		8.2552378e-04
3.7480000e+01		2.0175963e-01		8.2567757e-04
3.7500000e+01		2.0173025e-01		8.2583138e-04
3.7520000e+01		2.0170090e-01		8.2598521e-04
3.7540000e+01		2.0167158e-01		8.2613904e-04
3.7560000e+01		2.0164228e-01		8.2629290e-04
3.7580000e+01		2.0161301e-01		8.2644676e-04
3.7600000e+01		2.0158376e-01		8.2660064e-04
3.7620000e+01		2.0155454e-01		8.2675453e-04
3.7640000e+01		2.0152534e-01		8.2690843e-04
3.7660000e+01		2.0149617e-01		8.2706235e-04
3.7680000e+01		2.0146703e-01		8.2721628e-04
3.7700000e+01		2.0143791e-01		8.2737022e-04
3.7720000e+01		2.0140881e-01		8.2752418e-04
3.7740000e+01		2.0137975e-01		8.2767815e-04
3.7760000e+01		2.0135070e-01		8.2783213e-04
3.7780000e+01		2.0132169e-01		8.2798612e-04
3.7800000e+01		2.0129269e-01		8.2814013e-04
3.7820000e+01		2.0126373e-01		8.2829415e-04
3.7840000e+01		2.0123479e-01		8.2844818e-04
3.7860000e+01		2.0120587e-01		8.2860222e-04
3.7880000e+01		2.0117698e-01		8.2875627e-04
3.7900000e+01		2.0114811e-01		8.2891034e-04
3.7920000e+01		2.0111927e-01		8.2906442e-04
3.7940000e+01		2.0109045e-01		8.2921851e-04
3.7960000e+01		2.0106166e-01		8.2937261e-04
3.7980000e+01		2.0103290e-01		8.2952672e-04
3.8000000e+01		2.0100416e-01		8.2968084e-04
3.8020000e+01		2.0097544e-01		8.2983498e-04
3.8040000e+01		2.0094675e-01		8.2998913e-04
3.8060000e+01		2.0091808e-01		8.3014328e-04
3.8080000e+01		2.0088944e-01		8.3029745e-04
3.8100000e+01		2.0086082e-01		8.3045163e-04
3.8120000e+01		2.0083223e-01		8.3060582e-04
3.8140000e+01		2.0080367e-01		8.3076002e-04
3.8160000e+01		2.0077512e-01		8.3091423e-04
3.8180000e+01		2.0074660e-01		8.3106846e-04
3.8200000e+01		2.0071811e-01		8.3122269e-04
3.8220000e+01		2.0068964e-01		8.3137693e-04
3.8240000e+01		2.0066120e-01		8.3153119e-04
3.8260000e+01		2.0063278e-01		8.3168545e-04
3.8280000e+01		2.0060438e-01		8.3183972e-04
3.8300000e+01		2.0057601e-01		8.3199400e-04
3.8320000e+01		2.0054766e-01		8.3214830e-04
3.8340000e+01		2.0051934e-01		8.3230260e-04
3.8360000e+01		2.0049104e-01		8.3245691e-04
3.8380000e+01		2.0046277e-01		8.3261123e-04
3.8400000e+01		2.0043452e-01		8.3276557e-04
3.8420000e+01		2.0040629e-01		8.3291991e-04
3.8440000e+01		2.0037809e-01		8.3307426e-04
3.8460000e+01		2.0034991e-01		8.3322862e-04
3.8480000e+01		2.0032176e-01		8.3338298e-04
3.8500000e+01		2.0029363e-01		8.3353736e-04
3.8520000e+01		2.0026553e-01		8.3369175e-04
3.8540000e+01		2.0023744e-01		8.3384614e-04
3.8560000e+01		2.0020939e-01		8.3400054e-04
3.8580000e+01		2.0018135e-01		8.3415496e-04
3.8600000e+01		2.0015334e-01		8.3430938e-04
3.8620000e+01		2.0012536e-01		8.3446380e-04
3.8640000e+01		2.0009740e-01		8.3461824e-04
3.8660000e+01		2.0006946e-01		8.3477269e-04
3.8680000e+01		2.0004154e-01		8.3492714e-04
3.8700000e+01		2.0001365e-01		8.3508160e-04
3.8720000e+01		1.9998578e-01		8.3523607e-04
3.8740000e+01		1.9995794e-01		8.3539055e-04
3.8760000e+01		1.9993012e-01		8.3554503e-04
3.8780000e+01		1.9990233e-01		8.3569952e-04
3.8800000e+01		1.9987455e-01		8.3585402e-04
3.8820000e+01		1.9984680e-01		8.3600853e-04
3.8840000e+01		1.9981908e-01		8.3616304e-04
3.8860000e+01		1.9979137e-01		8.3631756e-04
3.8880000e+01		1.9976370e-01		8.3647209e-04
3.8900000e+01		1.9973604e-01		8.3662663e-04
3.8920000e+01		1.9970841e-01		8.3678117e-04
3.8940000e+01		1.9968080e-01		8.3693572e-04
3.8960000e+01		1.9965321e-01		8.3709027e-04
3.8980000e+01		1.9962565e-01		8.3724483e-04
3.9000000e+01		1.9959811e-01		8.3739940e-04
3.9020000e+01		1.9957059e-01		8.3755398e-04
3.9040000e+01		1.9954310e-01		8.3770856e-04
3.9060000e+01		1.9951563e-01		8.3786314e-04
3.9080000e+01		1.9948818e-01		8.3801774e-04
3.9100000e+01		1.9946076e-01		8.3817234e-04
3.9120000e+01		1.9943336e-01		8.3832694e-04
3.9140000e+01		1.9940598e-01		8.3848155e-04
3.9160000e+01		1.9937862e-01		8.3863617e-04
3.9180000e+01		1.9935129e-01		8.3879079e-04
3.9200000e+01		1.9932398e-01		8.3894542e-04
3.9220000e+01		1.9929670e-01		8.3910005e-04
3.9240000e+01		1.9926943e-01		8.3925469e-04
3.9260000e+01		1.9924219e-01		8.3940933e-04
3.9280000e+01		1.9921497e-01		8.3956398e-04
3.9300000e+01		1.9918778e-01		8.3971864e-04
3.9320000e+01		1.9916060e-01		8.3987330e-04
3.9340000e+01		1.9913345e-01		8.4002796e-04
3.9360000e+01		1.9910633e-01		8.4018263e-04
3.9380000e+01		1.9907922e-01		8.4033730e-04
3.9400000e+01		1.9905214e-01		8.4049198e-04
3.9420000e+01		1.9902508e-01		8.4064666e-04
3.9440000e+01		1.9899804e-01		8.4080134e-04
3.9460000e+01		1.9897103e-01		8.4095603e-04
3.9480000e+01		1.9894403e-01		8.4111073e-04
3.9500000e+01		1.9891706e-01		8.4126542e-04
3.9520000e+01		1.9889011e-01		8.4142013e-04
3.9540000e+01		1.9886319e-01		8.4157483e-04
3.9560000e+01		1.9883628e-01		8.4172954e-04
3.9580000e+01		1.9880940e-01		8.4188425e-04
3.9600000e+01		1.9878254e-01		8.4203897e-04
3.9620000e+01		1.9875571e-01		8.4219369e-04
3.9640000e+01		1.9872889e-01		8.4234841e-04
3.9660000e+01		1.9870210e-01		8.4250314e-04
3.9680000e+01		1.9867533e-01		8.4265787e-04
3.9700000e+01		1.9864858e-01		8.4281260e-04
3.9720000e+01		1.9862185e-01		8.4296734e-04
3.9740000e+01		1.9859515e-01		8.4312207e-04
3.9760000e+01		1.9856847e-01		8.4327681e-04
3.9780000e+01		1.9854181e-01		8.4343156e-04
3.9800000e+01		1.9851517e-01		8.4358630e-04
3.9820000e+01		1.9848855e-01		8.4374105e-04
3.9840000e+01		1.9846196e-01		8.4389580e-04
3.9860000e+01		1.9843538e-01		8.4405055e-04
3.9880000e+01		1.9840883e-01		8.4420531e-04
3.9900000e+01		1.9838230e-01		8.4436006e-04
3.9920000e+01		1.9835579e-01		8.4451482e-04
3.9940000e+01		1.9832931e-01		8.4466958e-04
3.9960000e+01		1.9830284e-01		8.4482434e-04
3.9980000e+01		1.9827640e-01		8.4497911e-04
4.0000000e+01		1.9824998e-01		0.0000000e+00
