0.0000000e+00		1.0000000e+00		1.0000000e+00		0.0000000e+00
3.0188679e-02		9.9984813e-01		9.9984811e-01		8.3543879e-09
6.0377358e-02		9.9939269e-01		9.9939254e-01		6.6807706e-08
9.0566038e-02		9.9863400e-01		9.9863353e-01		2.2534251e-07
1.2075472e-01		9.9757257e-01		9.9757149e-01		5.3373165e-07
1.5094340e-01		9.9620907e-01		9.9620701e-01		1.0414476e-06
1.8113208e-01		9.9454430e-01		9.9454083e-01		1.7975722e-06
2.1132075e-01		9.9257928e-01		9.9257386e-01		2.8507071e-06
2.4150943e-01		9.9031514e-01		9.9030718e-01		4.2488849e-06
2.7169811e-01		9.8775322e-01		9.8774202e-01		6.0394808e-06
3.0188679e-01		9.8489498e-01		9.8487979e-01		8.2691258e-06
3.3207547e-01		9.8174207e-01		9.8172205e-01		1.0983621e-05
3.6226415e-01		9.7829629e-01		9.7827052e-01		1.4227851e-05
3.9245283e-01		9.7455959e-01		9.7452709e-01		1.8045704e-05
4.2264151e-01		9.7053409e-01		9.7049379e-01		2.2479986e-05
4.5283019e-01		9.6622206e-01		9.6617283e-01		2.7572342e-05
4.8301887e-01		9.6162591e-01		9.6156655e-01		3.3363176e-05
5.1320755e-01		9.5674824e-01		9.5667747e-01		3.9891576e-05
5.4339623e-01		9.5159175e-01		9.5150825e-01		4.7195237e-05
5.7358491e-01		9.4615934e-01		9.4606170e-01		5.5310388e-05
6.0377358e-01		9.4045401e-01		9.4034077e-01		6.4271721e-05
6.3396226e-01		9.3447894e-01		9.3434858e-01		7.4112322e-05
6.6415094e-01		9.2823744e-01		9.2808838e-01		8.4863604e-05
6.9433962e-01		9.2173294e-01		9.2156356e-01		9.6555242e-05
7.2452830e-01		9.1496906e-01		9.1477766e-01		1.0921511e-04
7.5471698e-01		9.0794950e-01		9.0773435e-01		1.2286923e-04
7.8490566e-01		9.0067812e-01		9.0043744e-01		1.3754170e-04
8.1509434e-01		8.9315891e-01		8.9289088e-01		1.5325466e-04
8.4528302e-01		8.8539599e-01		8.8509873e-01		1.7002820e-04
8.7547170e-01		8.7739360e-01		8.7706522e-01		1.8788038e-04
9.0566038e-01		8.6915610e-01		8.6879465e-01		2.0682712e-04
9.3584906e-01		8.6068798e-01		8.6029148e-01		2.2688219e-04
9.6603774e-01		8.5199383e-01		8.5156029e-01		2.4805715e-04
9.9622642e-01		8.4307838e-01		8.4260577e-01		2.7036135e-04
1.0264151e+00		8.3394644e-01		8.3343270e-01		2.9380185e-04
1.0566038e+00		8.2460296e-01		8.2404602e-01		3.1838342e-04
1.0867925e+00		8.1505296e-01		8.1445074e-01		3.4410851e-04
1.1169811e+00		8.0530159e-01		8.0465198e-01		3.7097723e-04
1.1471698e+00		7.9535408e-01		7.9465497e-01		3.9898731e-04
1.1773585e+00		7.8521577e-01		7.8446504e-01		4.2813408e-04
1.2075472e+00		7.7489208e-01		7.7408760e-01		4.5841052e-04
1.2377358e+00		7.6438851e-01		7.6352817e-01		4.8980715e-04
1.2679245e+00		7.5371066e-01		7.5279234e-01		5.2231211e-04
1.2981132e+00		7.4286420e-01		7.4188580e-01		5.5591110e-04
1.3283019e+00		7.3185489e-01		7.3081430e-01		5.9058744e-04
1.3584906e+00		7.2068854e-01		7.1958369e-01		6.2632199e-04
1.3886792e+00		7.0937106e-01		7.0819988e-01		6.6309324e-04
1.4188679e+00		6.9790839e-01		6.9666883e-01		7.0087727e-04
1.4490566e+00		6.8630657e-01		6.8499661e-01		7.3964778e-04
1.4792453e+00		6.7457165e-01		6.7318932e-01		7.7937613e-04
1.5094340e+00		6.6270979e-01		6.6125312e-01		8.2003131e-04
1.5396226e+00		6.5072716e-01		6.4919423e-01		8.6158002e-04
1.5698113e+00		6.3862999e-01		6.3701892e-01		9.0398666e-04
1.6000000e+00		6.2642455e-01		6.2473350e-01		9.4721337e-04
1.6301887e+00		6.1411714e-01		6.1234433e-01		9.9122010e-04
1.6603774e+00		6.0171412e-01		5.9985780e-01		1.0359646e-03
1.6905660e+00		5.8922185e-01		5.8728033e-01		1.0814024e-03
1.7207547e+00		5.7664674e-01		5.7461838e-01		1.1274872e-03
1.7509434e+00		5.6399521e-01		5.6187844e-01		1.1741703e-03
1.7811321e+00		5.5127369e-01		5.4906701e-01		1.2214012e-03
1.8113208e+00		5.3848864e-01		5.3619061e-01		1.2691275e-03
1.8415094e+00		5.2564653e-01		5.2325577e-01		1.3172949e-03
1.8716981e+00		5.1275383e-01		5.1026904e-01		1.3658471e-03
1.9018868e+00		4.9981701e-01		4.9723697e-01		1.4147263e-03
1.9320755e+00		4.8684254e-01		4.8416610e-01		1.4638728e-03
1.9622642e+00		4.7383690e-01		4.7106299e-01		1.5132255e-03
1.9924528e+00		4.6080653e-01		4.5793417e-01		1.5627215e-03
2.0226415e+00		4.4775787e-01		4.4478617e-01		1.6122966e-03
2.0528302e+00		4.3469736e-01		4.3162552e-01		1.6618851e-03
2.0830189e+00		4.2163139e-01		4.1845870e-01		1.7114202e-03
2.1132075e+00		4.0856635e-01		4.0529218e-01		1.7608335e-03
2.1433962e+00		3.9550859e-01		3.9213242e-01		1.8100558e-03
2.1735849e+00		3.8246441e-01		3.7898582e-01		1.8590166e-03
2.2037736e+00		3.6944009e-01		3.6585877e-01		1.9076445e-03
2.2339623e+00		3.5644188e-01		3.5275761e-01		1.9558672e-03
2.2641509e+00		3.4347597e-01		3.3968863e-01		2.0036118e-03
2.2943396e+00		3.3054851e-01		3.2665810e-01		2.0508043e-03
2.3245283e+00		3.1766558e-01		3.1367221e-01		2.0973705e-03
2.3547170e+00		3.0483322e-01		3.0073710e-01		2.1432355e-03
2.3849057e+00		2.9205742e-01		2.8785888e-01		2.1883239e-03
2.4150943e+00		2.7934409e-01		2.7504358e-01		2.2325602e-03
2.4452830e+00		2.6669908e-01		2.6229715e-01		2.2758686e-03
2.4754717e+00		2.5412817e-01		2.4962549e-01		2.3181731e-03
2.5056604e+00		2.4163707e-01		2.3703444e-01		2.3593979e-03
2.5358491e+00		2.2923142e-01		2.2452974e-01		2.3994671e-03
2.5660377e+00		2.1691676e-01		2.1211706e-01		2.4383052e-03
2.5962264e+00		2.0469858e-01		1.9980200e-01		2.4758368e-03
2.6264151e+00		1.9258224e-01		1.8759006e-01		2.5119870e-03
2.6566038e+00		1.8057306e-01		1.7548666e-01		2.5466816e-03
2.6867925e+00		1.6867624e-01		1.6349712e-01		2.5798468e-03
2.7169811e+00		1.5689689e-01		1.5162668e-01		2.6114095e-03
2.7471698e+00		1.4524002e-01		1.3988047e-01		2.6412977e-03
2.7773585e+00		1.3371055e-01		1.2826353e-01		2.6694401e-03
2.8075472e+00		1.2231328e-01		1.1678079e-01		2.6957666e-03
2.8377358e+00		1.1105294e-01		1.0543707e-01		2.7202081e-03
2.8679245e+00		9.9934109e-02		9.4237092e-02		2.7426969e-03
2.8981132e+00		8.8961283e-02		8.3185466e-02		2.7631667e-03
2.9283019e+00		7.8138838e-02		7.2286685e-02		2.7815524e-03
2.9584906e+00		6.7471035e-02		6.1545127e-02		2.7977907e-03
2.9886792e+00		5.6962019e-02		5.0965050e-02		2.8118200e-03
3.0188679e+00		4.6615815e-02		4.0550596e-02		2.8235802e-03
3.0490566e+00		3.6436328e-02		3.0305781e-02		2.8330134e-03
3.0792453e+00		2.6427339e-02		2.0234499e-02		2.8400633e-03
3.1094340e+00		1.6592505e-02		1.0340515e-02		2.8446759e-03
3.1396226e+00		6.9353569e-03		6.2746738e-04		2.8467993e-03
3.1698113e+00		-2.5407042e-03		-8.9011362e-03		2.8463837e-03
3.2000000e+00		-1.1832406e-02		-1.8241920e-02		2.8433818e-03
3.2301887e+00		-2.0936607e-02		-2.7391641e-02		2.8377486e-03
3.2603774e+00		-2.9850300e-02		-3.6347193e-02		2.8294417e-03
3.2905660e+00		-3.8570609e-02		-4.5105603e-02		2.8184210e-03
3.3207547e+00		-4.7094796e-02		-5.3664039e-02		2.8046493e-03
3.3509434e+00		-5.5420258e-02		-6.2019807e-02		2.7880921e-03
3.3811321e+00		-6.3544528e-02		-7.0170351e-02		2.7687176e-03
3.4113208e+00		-7.1465278e-02		-7.8113258e-02		2.7464969e-03
3.4415094e+00		-7.9180320e-02		-8.5846257e-02		2.7214042e-03
3.4716981e+00		-8.6687603e-02		-9.3367218e-02		2.6934163e-03
3.5018868e+00		-9.3985219e-02		-1.0067416e-01		2.6625136e-03
3.5320755e+00		-1.0107140e-01		-1.0776523e-01		2.6286791e-03
3.5622642e+00		-1.0794452e-01		-1.1463875e-01		2.5918994e-03
3.5924528e+00		-1.1460308e-01		-1.2129315e-01		2.5521641e-03
3.6226415e+00		-1.2104575e-01		-1.2772703e-01		2.5094660e-03
3.6528302e+00		-1.2727133e-01		-1.3393914e-01		2.4638014e-03
3.6830189e+00		-1.3327874e-01		-1.3992835e-01		2.4151699e-03
3.7132075e+00		-1.3906708e-01		-1.4569369e-01		2.3635745e-03
3.7433962e+00		-1.4463556e-01		-1.5123435e-01		2.3090217e-03
3.7735849e+00		-1.4998355e-01		-1.5654965e-01		2.2515212e-03
3.8037736e+00		-1.5511055e-01		-1.6163904e-01		2.1910865e-03
3.8339623e+00		-1.6001621e-01		-1.6650215e-01		2.1277344e-03
3.8641509e+00		-1.6470031e-01		-1.7113872e-01		2.0614854e-03
3.8943396e+00		-1.6916278e-01		-1.7554866e-01		1.9923633e-03
3.9245283e+00		-1.7340367e-01		-1.7973201e-01		1.9203956e-03
3.9547170e+00		-1.7742319e-01		-1.8368896e-01		1.8456135e-03
3.9849057e+00		-1.8122167e-01		-1.8741983e-01		1.7680514e-03
4.0150943e+00		-1.8479959e-01		-1.9092508e-01		1.6877475e-03
4.0452830e+00		-1.8815755e-01		-1.9420533e-01		1.6047435e-03
4.0754717e+00		-1.9129630e-01		-1.9726132e-01		1.5190847e-03
4.1056604e+00		-1.9421671e-01		-2.0009393e-01		1.4308197e-03
4.1358491e+00		-1.9691978e-01		-2.0270417e-01		1.3400008e-03
4.1660377e+00		-1.9940664e-01		-2.0509320e-01		1.2466837e-03
4.1962264e+00		-2.0167856e-01		-2.0726230e-01		1.1509276e-03
4.2264151e+00		-2.0373692e-01		-2.0921289e-01		1.0527949e-03
4.2566038e+00		-2.0558324e-01		-2.1094650e-01		9.5235178e-04
4.2867925e+00		-2.0721915e-01		-2.1246483e-01		8.4966737e-04
4.3169811e+00		-2.0864640e-01		-2.1376965e-01		7.4481429e-04
4.3471698e+00		-2.0986688e-01		-2.1486290e-01		6.3786835e-04
4.3773585e+00		-2.1088257e-01		-2.1574662e-01		5.2890853e-04
4.4075472e+00		-2.1169558e-01		-2.1642297e-01		4.1801699e-04
4.4377358e+00		-2.1230813e-01		-2.1689424e-01		3.0527893e-04
4.4679245e+00		-2.1272255e-01		-2.1716282e-01		1.9078254e-04
4.4981132e+00		-2.1294129e-01		-2.1723123e-01		7.4618976e-05
4.5283019e+00		-2.1296688e-01		-2.1710208e-01		-4.3117760e-05
4.5584906e+00		-2.1280198e-01		-2.1677812e-01		-1.6233088e-04
4.5886792e+00		-2.1244934e-01		-2.1626216e-01		-2.8292089e-04
4.6188679e+00		-2.1191180e-01		-2.1555717e-01		-4.0478567e-04
4.6490566e+00		-2.1119232e-01		-2.1466617e-01		-5.2782058e-04
4.6792453e+00		-2.1029394e-01		-2.1359231e-01		-6.5191854e-04
4.7094340e+00		-2.0921978e-01		-2.1233882e-01		-7.7697011e-04
4.7396226e+00		-2.0797306e-01		-2.1090902e-01		-9.0286363e-04
4.7698113e+00		-2.0655709e-01		-2.0930635e-01		-1.0294853e-03
4.8000000e+00		-2.0497525e-01		-2.0753429e-01		-1.1567192e-03
4.8301887e+00		-2.0323102e-01		-2.0559645e-01		-1.2844475e-03
4.8603774e+00		-2.0132793e-01		-2.0349648e-01		-1.4125507e-03
4.8905660e+00		-1.9926961e-01		-2.0123814e-01		-1.5409075e-03
4.9207547e+00		-1.9705974e-01		-1.9882525e-01		-1.6693949e-03
4.9509434e+00		-1.9470207e-01		-1.9626170e-01		-1.7978885e-03
4.9811321e+00		-1.9220045e-01		-1.9355146e-01		-1.9262627e-03
5.0113208e+00		-1.8955873e-01		-1.9069855e-01		-2.0543904e-03
5.0415094e+00		-1.8678088e-01		-1.8770707e-01		-2.1821436e-03
5.0716981e+00		-1.8387089e-01		-1.8458117e-01		-2.3093934e-03
5.1018868e+00		-1.8083280e-01		-1.8132505e-01		-2.4360098e-03
5.1320755e+00		-1.7767072e-01		-1.7794297e-01		-2.5618623e-03
5.1622642e+00		-1.7438880e-01		-1.7443923e-01		-2.6868197e-03
5.1924528e+00		-1.7099122e-01		-1.7081820e-01		-2.8107506e-03
5.2226415e+00		-1.6748222e-01		-1.6708426e-01		-2.9335229e-03
5.2528302e+00		-1.6386605e-01		-1.6324186e-01		-3.0550048e-03
5.2830189e+00		-1.6014703e-01		-1.5929546e-01		-3.1750641e-03
5.3132075e+00		-1.5632948e-01		-1.5524956e-01		-3.2935690e-03
5.3433962e+00		-1.5241775e-01		-1.5110871e-01		-3.4103878e-03
5.3735849e+00		-1.4841623e-01		-1.4687745e-01		-3.5253893e-03
5.4037736e+00		-1.4432931e-01		-1.4256036e-01		-3.6384427e-03
5.4339623e+00		-1.4016142e-01		-1.3816206e-01		-3.7494181e-03
5.4641509e+00		-1.3591698e-01		-1.3368714e-01		-3.8581863e-03
5.4943396e+00		-1.3160043e-01		-1.2914024e-01		-3.9646192e-03
5.5245283e+00		-1.2721623e-01		-1.2452599e-01		-4.0685897e-03
5.5547170e+00		-1.2276883e-01		-1.1984904e-01		-4.1699720e-03
5.5849057e+00		-1.1826269e-01		-1.1511402e-01		-4.2686419e-03
5.6150943e+00		-1.1370224e-01		-1.1032558e-01		-4.3644765e-03
5.6452830e+00		-1.0909196e-01		-1.0548835e-01		-4.4573547e-03
5.6754717e+00		-1.0443626e-01		-1.0060696e-01		-4.5471574e-03
5.7056604e+00		-9.9739581e-02		-9.5686024e-02		-4.6337671e-03
5.7358491e+00		-9.5006334e-02		-9.0730154e-02		-4.7170689e-03
5.7660377e+00		-9.0240913e-02		-8.5743929e-02		-4.7969499e-03
5.7962264e+00		-8.5447694e-02		-8.0731913e-02		-4.8732995e-03
5.8264151e+00		-8.0631026e-02		-7.5698647e-02		-4.9460100e-03
5.8566038e+00		-7.5795233e-02		-7.0648642e-02		-5.0149759e-03
5.8867925e+00		-7.0944611e-02		-6.5586381e-02		-5.0800950e-03
5.9169811e+00		-6.6083421e-02		-6.0516313e-02		-5.1412676e-03
5.9471698e+00		-6.1215891e-02		-5.5442850e-02		-5.1983973e-03
5.9773585e+00		-5.6346208e-02		-5.0370365e-02		-5.2513908e-03
6.0075472e+00		-5.1478522e-02		-4.5303188e-02		-5.3001582e-03
6.0377358e+00		-4.6616937e-02		-4.0245606e-02		-5.3446130e-03
6.0679245e+00		-4.1765510e-02		-3.5201854e-02		-5.3846721e-03
6.0981132e+00		-3.6928252e-02		-3.0176121e-02		-5.4202562e-03
6.1283019e+00		-3.2109122e-02		-2.5172539e-02		-5.4512898e-03
6.1584906e+00		-2.7312022e-02		-2.0195184e-02		-5.4777012e-03
6.1886792e+00		-2.2540802e-02		-1.5248075e-02		-5.4994226e-03
6.2188679e+00		-1.7799251e-02		-1.0335169e-02		-5.5163905e-03
6.2490566e+00		-1.3091098e-02		-5.4603568e-03		-5.5285455e-03
6.2792453e+00		-8.4200070e-03		-6.2746617e-04		-5.5358323e-03
6.3094340e+00		-3.7895782e-03		4.1597457e-03		-5.5382002e-03
6.3396226e+00		7.9665658e-04		8.8975925e-03		-5.5356029e-03
6.3698113e+00		5.3352352e-03		1.3582461e-02		-5.5279985e-03
6.4000000e+00		9.8227674e-03		1.8210813e-02		-5.5153499e-03
6.4301887e+00		1.4255937e-02		2.2779190e-02		-5.4976244e-03
6.4603774e+00		1.8631502e-02		2.7284209e-02		-5.4747945e-03
6.4905660e+00		2.2946300e-02		3.1722574e-02		-5.4468371e-03
6.5207547e+00		2.7197247e-02		3.6091068e-02		-5.4137341e-03
6.5509434e+00		3.1381339e-02		4.0386562e-02		-5.3754725e-03
6.5811321e+00		3.5495655e-02		4.4606012e-02		-5.3320441e-03
6.6113208e+00		3.9537361e-02		4.8746466e-02		-5.2834457e-03
6.6415094e+00		4.3503704e-02		5.2805059e-02		-5.2296793e-03
6.6716981e+00		4.7392020e-02		5.6779019e-02		-5.1707519e-03
6.7018868e+00		5.1199735e-02		6.0665670e-02		-5.1066758e-03
6.7320755e+00		5.4924361e-02		6.4462426e-02		-5.0374683e-03
6.7622642e+00		5.8563505e-02		6.8166802e-02		-4.9631518e-03
6.7924528e+00		6.2114863e-02		7.1776406e-02		-4.8837541e-03
6.8226415e+00		6.5576224e-02		7.5288947e-02		-4.7993082e-03
6.8528302e+00		6.8945472e-02		7.8702233e-02		-4.7098521e-03
6.8830189e+00		7.2220585e-02		8.2014173e-02		-4.6154292e-03
6.9132075e+00		7.5399637e-02		8.5222775e-02		-4.5160881e-03
6.9433962e+00		7.8480798e-02		8.8326151e-02		-4.4118823e-03
6.9735849e+00		8.1462334e-02		9.1322516e-02		-4.3028709e-03
7.0037736e+00		8.4342611e-02		9.4210188e-02		-4.1891180e-03
7.0339623e+00		8.7120091e-02		9.6987590e-02		-4.0706925e-03
7.0641509e+00		8.9793334e-02		9.9653246e-02		-3.9476689e-03
7.0943396e+00		9.2361001e-02		1.0220579e-01		-3.8201264e-03
7.1245283e+00		9.4821848e-02		1.0464396e-01		-3.6881493e-03
7.1547170e+00		9.7174735e-02		1.0696659e-01		-3.5518269e-03
7.1849057e+00		9.9418618e-02		1.0917264e-01		-3.4112533e-03
7.2150943e+00		1.0155255e-01		1.1126116e-01		-3.2665276e-03
7.2452830e+00		1.0357570e-01		1.1323130e-01		-3.1177535e-03
7.2754717e+00		1.0548730e-01		1.1508234e-01		-2.9650395e-03
7.3056604e+00		1.0728672e-01		1.1681364e-01		-2.8084986e-03
7.3358491e+00		1.0897341e-01		1.1842468e-01		-2.6482486e-03
7.3660377e+00		1.1054692e-01		1.1991503e-01		-2.4844115e-03
7.3962264e+00		1.1200689e-01		1.2128439e-01		-2.3171138e-03
7.4264151e+00		1.1335308e-01		1.2253254e-01		-2.1464862e-03
7.4566038e+00		1.1458533e-01		1.2365937e-01		-1.9726636e-03
7.4867925e+00		1.1570356e-01		1.2466488e-01		-1.7957850e-03
7.5169811e+00		1.1670783e-01		1.2554917e-01		-1.6159933e-03
7.5471698e+00		1.1759826e-01		1.2631242e-01		-1.4334352e-03
7.5773585e+00		1.1837506e-01		1.2695495e-01		-1.2482611e-03
7.6075472e+00		1.1903856e-01		1.2747714e-01		-1.0606252e-03
7.6377358e+00		1.1958917e-01		1.2787950e-01		-8.7068491e-04
7.6679245e+00		1.2002739e-01		1.2816261e-01		-6.7860104e-04
7.6981132e+00		1.2035379e-01		1.2832717e-01		-4.8453761e-04
7.7283019e+00		1.2056907e-01		1.2837396e-01		-2.8866168e-04
7.7584906e+00		1.2067398e-01		1.2830385e-01		-9.1143200e-05
7.7886792e+00		1.2066938e-01		1.2811781e-01		1.0784513e-04
7.8188679e+00		1.2055620e-01		1.2781692e-01		3.0812800e-04
7.8490566e+00		1.2033547e-01		1.2740230e-01		5.0952768e-04
7.8792453e+00		1.2000828e-01		1.2687521e-01		7.1186415e-04
7.9094340e+00		1.1957582e-01		1.2623696e-01		9.1495528e-04
7.9396226e+00		1.1903935e-01		1.2548897e-01		1.1186170e-03
7.9698113e+00		1.1840020e-01		1.2463272e-01		1.3226634e-03
8.0000000e+00		1.1765979e-01		1.2366978e-01		1.5269070e-03
8.0301887e+00		1.1681961e-01		1.2260181e-01		1.7311590e-03
8.0603774e+00		1.1588122e-01		1.2143053e-01		1.9352290e-03
8.0905660e+00		1.1484625e-01		1.2015775e-01		2.1389260e-03
8.1207547e+00		1.1371639e-01		1.1878534e-01		2.3420578e-03
8.1509434e+00		1.1249341e-01		1.1731525e-01		2.5444314e-03
8.1811321e+00		1.1117915e-01		1.1574949e-01		2.7458536e-03
8.2113208e+00		1.0977550e-01		1.1409016e-01		2.9461306e-03
8.2415094e+00		1.0828440e-01		1.1233939e-01		3.1450684e-03
8.2716981e+00		1.0670787e-01		1.1049940e-01		3.3424733e-03
8.3018868e+00		1.0504798e-01		1.0857246e-01		3.5381517e-03
8.3320755e+00		1.0330685e-01		1.0656091e-01		3.7319102e-03
8.3622642e+00		1.0148666e-01		1.0446712e-01		3.9235564e-03
8.3924528e+00		9.9589636e-02		1.0229354e-01		4.1128984e-03
8.4226415e+00		9.7618044e-02		1.0004265e-01		4.2997454e-03
8.4528302e+00		9.5574206e-02		9.7717002e-02		4.4839077e-03
8.4830189e+00		9.3460486e-02		9.5319173e-02		4.6651972e-03
8.5132075e+00		9.1279287e-02		9.2851795e-02		4.8434272e-03
8.5433962e+00		8.9033051e-02		9.0317538e-02		5.0184127e-03
8.5735849e+00		8.6724258e-02		8.7719113e-02		5.1899707e-03
8.6037736e+00		8.4355421e-02		8.5059266e-02		5.3579205e-03
8.6339623e+00		8.1929086e-02		8.2340777e-02		5.5220835e-03
8.6641509e+00		7.9447828e-02		7.9566457e-02		5.6822837e-03
8.6943396e+00		7.6914249e-02		7.6739147e-02		5.8383478e-03
8.7245283e+00		7.4330978e-02		7.3861714e-02		5.9901055e-03
8.7547170e+00		7.1700664e-02		7.0937048e-02		6.1373894e-03
8.7849057e+00		6.9025979e-02		6.7968062e-02		6.2800355e-03
8.8150943e+00		6.6309609e-02		6.4957684e-02		6.4178830e-03
8.8452830e+00		6.3554260e-02		6.1908862e-02		6.5507749e-03
8.8754717e+00		6.0762648e-02		5.8824555e-02		6.6785580e-03
8.9056604e+00		5.7937502e-02		5.5707735e-02		6.8010828e-03
8.9358491e+00		5.5081558e-02		5.2561380e-02		6.9182042e-03
8.9660377e+00		5.2197559e-02		4.9388475e-02		7.0297813e-03
8.9962264e+00		4.9288251e-02		4.6192009e-02		7.1356774e-03
9.0264151e+00		4.6356382e-02		4.2974970e-02		7.2357607e-03
9.0566038e+00		4.3404700e-02		3.9740347e-02		7.3299041e-03
9.0867925e+00		4.0435950e-02		3.6491121e-02		7.4179851e-03
9.1169811e+00		3.7452869e-02		3.3230270e-02		7.4998867e-03
9.1471698e+00		3.4458190e-02		2.9960760e-02		7.5754966e-03
9.1773585e+00		3.1454633e-02		2.6685547e-02		7.6447083e-03
9.2075472e+00		2.8444910e-02		2.3407572e-02		7.7074203e-03
9.2377358e+00		2.5431715e-02		2.0129761e-02		7.7635370e-03
9.2679245e+00		2.2417726e-02		1.6855019e-02		7.8129684e-03
9.2981132e+00		1.9405606e-02		1.3586232e-02		7.8556302e-03
9.3283019e+00		1.6397993e-02		1.0326261e-02		7.8914443e-03
9.3584906e+00		1.3397505e-02		7.0779428e-03		7.9203383e-03
9.3886792e+00		1.0406735e-02		3.8440844e-03		7.9422461e-03
9.4188679e+00		7.4282489e-03		6.2746414e-04		7.9571080e-03
9.4490566e+00		4.4645836e-03		-2.5691727e-03		7.9648704e-03
9.4792453e+00		1.5182459e-03		-5.7431149e-03		7.9654862e-03
9.5094340e+00		-1.4082899e-03		-8.8916881e-03		7.9589146e-03
9.5396226e+00		-4.3125843e-03		-1.2012256e-02		7.9451218e-03
9.5698113e+00		-7.1922336e-03		-1.5102225e-02		7.9240802e-03
9.6000000e+00		-1.0044872e-02		-1.8159040e-02		7.8957691e-03
9.6301887e+00		-1.2868174e-02		-2.1180194e-02		7.8601745e-03
9.6603774e+00		-1.5659856e-02		-2.4163224e-02		7.8172891e-03
9.6905660e+00		-1.8417675e-02		-2.7105718e-02		7.7671127e-03
9.7207547e+00		-2.1139435e-02		-3.0005312e-02		7.7096517e-03
9.7509434e+00		-2.3822985e-02		-3.2859692e-02		7.6449195e-03
9.7811321e+00		-2.6466224e-02		-3.5666600e-02		7.5729365e-03
9.8113208e+00		-2.9067097e-02		-3.8423833e-02		7.4937299e-03
9.8415094e+00		-3.1623602e-02		-4.1129242e-02		7.4073338e-03
9.8716981e+00		-3.4133788e-02		-4.3780739e-02		7.3137896e-03
9.9018868e+00		-3.6595757e-02		-4.6376292e-02		7.2131453e-03
9.9320755e+00		-3.9007666e-02		-4.8913934e-02		7.1054558e-03
9.9622642e+00		-4.1367728e-02		-5.1391756e-02		6.9907833e-03
9.9924528e+00		-4.3674212e-02		-5.3807916e-02		6.8691965e-03
1.0022642e+01		-4.5925447e-02		-5.6160634e-02		6.7407711e-03
1.0052830e+01		-4.8119819e-02		-5.8448196e-02		6.6055896e-03
1.0083019e+01		-5.0255775e-02		-6.0668957e-02		6.4637415e-03
1.0113208e+01		-5.2331823e-02		-6.2821337e-02		6.3153226e-03
1.0143396e+01		-5.4346531e-02		-6.4903828e-02		6.1604356e-03
1.0173585e+01		-5.6298533e-02		-6.6914990e-02		5.9991900e-03
1.0203774e+01		-5.8186525e-02		-6.8853453e-02		5.8317014e-03
1.0233962e+01		-6.0009265e-02		-7.0717919e-02		5.6580922e-03
1.0264151e+01		-6.1765579e-02		-7.2507163e-02		5.4784909e-03
1.0294340e+01		-6.3454356e-02		-7.4220032e-02		5.2930325e-03
1.0324528e+01		-6.5074554e-02		-7.5855446e-02		5.1018580e-03
1.0354717e+01		-6.6625193e-02		-7.7412399e-02		4.9051147e-03
1.0384906e+01		-6.8105363e-02		-7.8889961e-02		4.7029554e-03
1.0415094e+01		-6.9514220e-02		-8.0287274e-02		4.4955393e-03
1.0445283e+01		-7.0850988e-02		-8.1603557e-02		4.2830309e-03
1.0475472e+01		-7.2114958e-02		-8.2838103e-02		4.0656005e-03
1.0505660e+01		-7.3305490e-02		-8.3990281e-02		3.8434237e-03
1.0535849e+01		-7.4422011e-02		-8.5059537e-02		3.6166815e-03
1.0566038e+01		-7.5464015e-02		-8.6045391e-02		3.3855601e-03
1.0596226e+01		-7.6431067e-02		-8.6947439e-02		3.1502506e-03
1.0626415e+01		-7.7322797e-02		-8.7765352e-02		2.9109490e-03
1.0656604e+01		-7.8138906e-02		-8.8498879e-02		2.6678560e-03
1.0686792e+01		-7.8879159e-02		-8.9147841e-02		2.4211767e-03
1.0716981e+01		-7.9543392e-02		-8.9712137e-02		2.1711208e-03
1.0747170e+01		-8.0131507e-02		-9.0191738e-02		1.9179018e-03
1.0777358e+01		-8.0643472e-02		-9.0586693e-02		1.6617375e-03
1.0807547e+01		-8.1079322e-02		-9.0897121e-02		1.4028493e-03
1.0837736e+01		-8.1439159e-02		-9.1123217e-02		1.1414622e-03
1.0867925e+01		-8.1723151e-02		-9.1265248e-02		8.7780479e-04
1.0898113e+01		-8.1931528e-02		-9.1323554e-02		6.1210861e-04
1.0928302e+01		-8.2064589e-02		-9.1298545e-02		3.4460832e-04
1.0958491e+01		-8.2122692e-02		-9.1190705e-02		7.5541317e-05
1.0988679e+01		-8.2106263e-02		-9.1000584e-02		-1.9485240e-04
1.1018868e+01		-8.2015787e-02		-9.0728805e-02		-4.6633052e-04
1.1049057e+01		-8.1851811e-02		-9.0376056e-02		-7.3864855e-04
1.1079245e+01		-8.1614945e-02		-8.9943096e-02		-1.0115601e-03
1.1109434e+01		-8.1305856e-02		-8.9430748e-02		-1.2848172e-03
1.1139623e+01		-8.0925271e-02		-8.8839900e-02		-1.5581703e-03
1.1169811e+01		-8.0473977e-02		-8.8171506e-02		-1.8313686e-03
1.1200000e+01		-7.9952815e-02		-8.7426583e-02		-2.1041603e-03
1.1230189e+01		-7.9362684e-02		-8.6606208e-02		-2.3762931e-03
1.1260377e+01		-7.8704536e-02		-8.5711520e-02		-2.6475138e-03
1.1290566e+01		-7.7979378e-02		-8.4743718e-02		-2.9175692e-03
1.1320755e+01		-7.7188269e-02		-8.3704057e-02		-3.1862059e-03
1.1350943e+01		-7.6332320e-02		-8.2593851e-02		-3.4531708e-03
1.1381132e+01		-7.5412690e-02		-8.1414467e-02		-3.7182110e-03
1.1411321e+01		-7.4430589e-02		-8.0167328e-02		-3.9810745e-03
1.1441509e+01		-7.3387274e-02		-7.8853908e-02		-4.2415103e-03
1.1471698e+01		-7.2284045e-02		-7.7475731e-02		-4.4992682e-03
1.1501887e+01		-7.1122252e-02		-7.6034370e-02		-4.7540996e-03
1.1532075e+01		-6.9903283e-02		-7.4531449e-02		-5.0057577e-03
1.1562264e+01		-6.8628572e-02		-7.2968634e-02		-5.2539973e-03
1.1592453e+01		-6.7299589e-02		-7.1347635e-02		-5.4985754e-03
1.1622642e+01		-6.5917847e-02		-6.9670209e-02		-5.7392515e-03
1.1652830e+01		-6.4484894e-02		-6.7938149e-02		-5.9757875e-03
1.1683019e+01		-6.3002313e-02		-6.6153288e-02		-6.2079482e-03
1.1713208e+01		-6.1471722e-02		-6.4317499e-02		-6.4355015e-03
1.1743396e+01		-5.9894774e-02		-6.2432687e-02		-6.6582185e-03
1.1773585e+01		-5.8273148e-02		-6.0500793e-02		-6.8758740e-03
1.1803774e+01		-5.6608556e-02		-5.8523788e-02		-7.0882464e-03
1.1833962e+01		-5.4902736e-02		-5.6503674e-02		-7.2951180e-03
1.1864151e+01		-5.3157453e-02		-5.4442480e-02		-7.4962755e-03
1.1894340e+01		-5.1374496e-02		-5.2342262e-02		-7.6915100e-03
1.1924528e+01		-4.9555676e-02		-5.0205100e-02		-7.8806170e-03
1.1954717e+01		-4.7702826e-02		-4.8033096e-02		-8.0633971e-03
1.1984906e+01		-4.5817797e-02		-4.5828373e-02		-8.2396558e-03
1.2015094e+01		-4.3902457e-02		-4.3593071e-02		-8.4092039e-03
1.2045283e+01		-4.1958693e-02		-4.1329347e-02		-8.5718577e-03
1.2075472e+01		-3.9988403e-02		-3.9039373e-02		-8.7274391e-03
1.2105660e+01		-3.7993499e-02		-3.6725333e-02		-8.8757759e-03
1.2135849e+01		-3.5975902e-02		-3.4389421e-02		-9.0167017e-03
1.2166038e+01		-3.3937543e-02		-3.2033841e-02		-9.1500565e-03
1.2196226e+01		-3.1880360e-02		-2.9660803e-02		-9.2756868e-03
1.2226415e+01		-2.9806297e-02		-2.7272521e-02		-9.3934454e-03
1.2256604e+01		-2.7717301e-02		-2.4871211e-02		-9.5031920e-03
1.2286792e+01		-2.5615322e-02		-2.2459093e-02		-9.6047930e-03
1.2316981e+01		-2.3502308e-02		-2.0038382e-02		-9.6981219e-03
1.2347170e+01		-2.1380209e-02		-1.7611293e-02		-9.7830595e-03
1.2377358e+01		-1.9250969e-02		-1.5180033e-02		-9.8594937e-03
1.2407547e+01		-1.7116530e-02		-1.2746804e-02		-9.9273200e-03
1.2437736e+01		-1.4978824e-02		-1.0313799e-02		-9.9864415e-03
1.2467925e+01		-1.2839778e-02		-7.8832003e-03		-1.0036769e-02
1.2498113e+01		-1.0701310e-02		-5.4571770e-03		-1.0078220e-02
1.2528302e+01		-8.5653226e-03		-3.0378844e-03		-1.0110723e-02
1.2558491e+01		-6.4337099e-03		-6.2746130e-04		-1.0134211e-02
1.2588679e+01		-4.3083493e-03		1.7719715e-03		-1.0148627e-02
1.2618868e+01		-2.1911028e-03		4.1583128e-03		-1.0153921e-02
1.2649057e+01		-8.3814755e-05		6.5294831e-03		-1.0150053e-02
1.2679245e+01		2.0116894e-03		8.8834260e-03		-1.0136990e-02
1.2709434e+01		4.0936047e-03		1.1218110e-02		-1.0114708e-02
1.2739623e+01		6.1601483e-03		1.3531531e-02		-1.0083190e-02
1.2769811e+01		8.2095607e-03		1.5821711e-02		-1.0042431e-02
1.2800000e+01		1.0240107e-02		1.8086705e-02		-9.9924308e-03
1.2830189e+01		1.2250079e-02		2.0324597e-02		-9.9331994e-03
1.2860377e+01		1.4237796e-02		2.2533503e-02		-9.8647554e-03
1.2890566e+01		1.6201605e-02		2.4711578e-02		-9.7871258e-03
1.2920755e+01		1.8139884e-02		2.6857007e-02		-9.7003464e-03
1.2950943e+01		2.0051043e-02		2.8968018e-02		-9.6044614e-03
1.2981132e+01		2.1933524e-02		3.1042873e-02		-9.4995237e-03
1.3011321e+01		2.3785802e-02		3.3079876e-02		-9.3855948e-03
1.3041509e+01		2.5606388e-02		3.5077373e-02		-9.2627448e-03
1.3071698e+01		2.7393829e-02		3.7033753e-02		-9.1310523e-03
1.3101887e+01		2.9146710e-02		3.8947446e-02		-8.9906043e-03
1.3132075e+01		3.0863651e-02		4.0816929e-02		-8.8414964e-03
1.3162264e+01		3.2543314e-02		4.2640727e-02		-8.6838324e-03
1.3192453e+01		3.4184400e-02		4.4417409e-02		-8.5177247e-03
1.3222642e+01		3.5785652e-02		4.6145593e-02		-8.3432935e-03
1.3252830e+01		3.7345855e-02		4.7823948e-02		-8.1606675e-03
1.3283019e+01		3.8863834e-02		4.9451192e-02		-7.9699834e-03
1.3313208e+01		4.0338462e-02		5.1026093e-02		-7.7713858e-03
1.3343396e+01		4.1768652e-02		5.2547475e-02		-7.5650271e-03
1.3373585e+01		4.3153366e-02		5.4014210e-02		-7.3510676e-03
1.3403774e+01		4.4491608e-02		5.5425227e-02		-7.1296752e-03
1.3433962e+01		4.5782432e-02		5.6779507e-02		-6.9010250e-03
1.3464151e+01		4.7024935e-02		5.8076088e-02		-6.6653000e-03
1.3494340e+01		4.8218266e-02		5.9314062e-02		-6.4226898e-03
1.3524528e+01		4.9361617e-02		6.0492577e-02		-6.1733916e-03
1.3554717e+01		5.0454233e-02		6.1610840e-02		-5.9176090e-03
1.3584906e+01		5.1495405e-02		6.2668113e-02		-5.6555528e-03
1.3615094e+01		5.2484474e-02		6.3663715e-02		-5.3874400e-03
1.3645283e+01		5.3420832e-02		6.4597024e-02		-5.1134942e-03
1.3675472e+01		5.4303918e-02		6.5467476e-02		-4.8339450e-03
1.3705660e+01		5.5133223e-02		6.6274565e-02		-4.5490281e-03
1.3735849e+01		5.5908288e-02		6.7017844e-02		-4.2589851e-03
1.3766038e+01		5.6628704e-02		6.7696924e-02		-3.9640630e-03
1.3796226e+01		5.7294113e-02		6.8311476e-02		-3.6645144e-03
1.3826415e+01		5.7904208e-02		6.8861230e-02		-3.3605968e-03
1.3856604e+01		5.8458730e-02		6.9345972e-02		-3.0525728e-03
1.3886792e+01		5.8957474e-02		6.9765549e-02		-2.7407097e-03
1.3916981e+01		5.9400284e-02		7.0119868e-02		-2.4252793e-03
1.3947170e+01		5.9787053e-02		7.0408892e-02		-2.1065576e-03
1.3977358e+01		6.0117726e-02		7.0632644e-02		-1.7848246e-03
1.4007547e+01		6.0392298e-02		7.0791203e-02		-1.4603640e-03
1.4037736e+01		6.0610812e-02		7.0884708e-02		-1.1334632e-03
1.4067925e+01		6.0773363e-02		7.0913353e-02		-8.0441250e-04
1.4098113e+01		6.0880093e-02		7.0877392e-02		-4.7350553e-04
1.4128302e+01		6.0931193e-02		7.0777133e-02		-1.4103842e-04
1.4158491e+01		6.0926903e-02		7.0612941e-02		1.9269016e-04
1.4188679e+01		6.0867512e-02		7.0385236e-02		5.2737939e-04
1.4218868e+01		6.0753353e-02		7.0094492e-02		8.6272654e-04
1.4249057e+01		6.0584810e-02		6.9741240e-02		1.1984272e-03
1.4279245e+01		6.0362309e-02		6.9326062e-02		1.5341758e-03
1.4309434e+01		6.0086326e-02		6.8849592e-02		1.8696654e-03
1.4339623e+01		5.9757380e-02		6.8312519e-02		2.2045884e-03
1.4369811e+01		5.9376033e-02		6.7715582e-02		2.5386369e-03
1.4400000e+01		5.8942892e-02		6.7059568e-02		2.8715024e-03
1.4430189e+01		5.8458609e-02		6.6345316e-02		3.2028768e-03
1.4460377e+01		5.7923874e-02		6.5573713e-02		3.5324521e-03
1.4490566e+01		5.7339421e-02		6.4745693e-02		3.8599212e-03
1.4520755e+01		5.6706024e-02		6.3862237e-02		4.1849776e-03
1.4550943e+01		5.6024497e-02		6.2924371e-02		4.5073164e-03
1.4581132e+01		5.5295691e-02		6.1933164e-02		4.8266338e-03
1.4611321e+01		5.4520497e-02		6.0889731e-02		5.1426282e-03
1.4641509e+01		5.3699841e-02		5.9795228e-02		5.4549998e-03
1.4671698e+01		5.2834686e-02		5.8650850e-02		5.7634513e-03
1.4701887e+01		5.1926029e-02		5.7457833e-02		6.0676879e-03
1.4732075e+01		5.0974900e-02		5.6217453e-02		6.3674179e-03
1.4762264e+01		4.9982364e-02		5.4931021e-02		6.6623527e-03
1.4792453e+01		4.8949515e-02		5.3599883e-02		6.9522074e-03
1.4822642e+01		4.7877480e-02		5.2225422e-02		7.2367005e-03
1.4852830e+01		4.6767412e-02		5.0809053e-02		7.5155549e-03
1.4883019e+01		4.5620496e-02		4.9352222e-02		7.7884976e-03
1.4913208e+01		4.4437940e-02		4.7856406e-02		8.0552603e-03
1.4943396e+01		4.3220981e-02		4.6323111e-02		8.3155794e-03
1.4973585e+01		4.1970880e-02		4.4753870e-02		8.5691966e-03
1.5003774e+01		4.0688919e-02		4.3150243e-02		8.8158588e-03
1.5033962e+01		3.9376405e-02		4.1513812e-02		9.0553186e-03
1.5064151e+01		3.8034664e-02		3.9846185e-02		9.2873344e-03
1.5094340e+01		3.6665042e-02		3.8148990e-02		9.5116707e-03
1.5124528e+01		3.5268904e-02		3.6423874e-02		9.7280984e-03
1.5154717e+01		3.3847631e-02		3.4672506e-02		9.9363951e-03
1.5184906e+01		3.2402621e-02		3.2896567e-02		1.0136345e-02
1.5215094e+01		3.0935285e-02		3.1097756e-02		1.0327739e-02
1.5245283e+01		2.9447047e-02		2.9277787e-02		1.0510376e-02
1.5275472e+01		2.7939344e-02		2.7438384e-02		1.0684062e-02
1.5305660e+01		2.6413624e-02		2.5581282e-02		1.0848610e-02
1.5335849e+01		2.4871341e-02		2.3708225e-02		1.1003842e-02
1.5366038e+01		2.3313960e-02		2.1820965e-02		1.1149588e-02
1.5396226e+01		2.1742951e-02		1.9921261e-02		1.1285684e-02
1.5426415e+01		2.0159789e-02		1.8010873e-02		1.1411978e-02
1.5456604e+01		1.8565954e-02		1.6091566e-02		1.1528323e-02
1.5486792e+01		1.6962927e-02		1.4165107e-02		1.1634584e-02
1.5516981e+01		1.5352191e-02		1.2233260e-02		1.1730632e-02
1.5547170e+01		1.3735230e-02		1.0297789e-02		1.1816349e-02
1.5577358e+01		1.2113523e-02		8.3604543e-03		1.1891625e-02
1.5607547e+01		1.0488550e-02		6.4230097e-03		1.1956360e-02
1.5637736e+01		8.8617849e-03		4.4872038e-03		1.2010462e-02
1.5667925e+01		7.2346973e-03		2.5547763e-03		1.2053851e-02
1.5698113e+01		5.6087496e-03		6.2745764e-04		1.2086455e-02
1.5728302e+01		3.9853965e-03		-1.2930332e-03		1.2108212e-02
1.5758491e+01		2.3660836e-03		-3.2049898e-03		1.2119069e-02
1.5788679e+01		7.5224610e-04		-5.1067198e-03		1.2118984e-02
1.5818868e+01		-8.5469227e-04		-6.9965465e-03		1.2107925e-02
1.5849057e+01		-2.4533206e-03		-8.8728101e-03		1.2085870e-02
1.5879245e+01		-4.0422420e-03		-1.0733869e-02		1.2052805e-02
1.5909434e+01		-5.6200745e-03		-1.2578103e-02		1.2008729e-02
1.5939623e+01		-7.1854526e-03		-1.4403910e-02		1.1953650e-02
1.5969811e+01		-8.7370282e-03		-1.6209713e-02		1.1887586e-02
1.6000000e+01		-1.0273472e-02		-1.7993957e-02		1.1810564e-02
1.6030189e+01		-1.1793473e-02		-1.9755115e-02		1.1722623e-02
1.6060377e+01		-1.3295743e-02		-2.1491683e-02		1.1623813e-02
1.6090566e+01		-1.4779014e-02		-2.3202186e-02		1.1514190e-02
1.6120755e+01		-1.6242041e-02		-2.4885179e-02		1.1393825e-02
1.6150943e+01		-1.7683603e-02		-2.6539245e-02		1.1262795e-02
1.6181132e+01		-1.9102503e-02		-2.8163000e-02		1.1121191e-02
1.6211321e+01		-2.0497572e-02		-2.9755090e-02		1.0969110e-02
1.6241509e+01		-2.1867665e-02		-3.1314196e-02		1.0806661e-02
1.6271698e+01		-2.3211664e-02		-3.2839034e-02		1.0633964e-02
1.6301887e+01		-2.4528483e-02		-3.4328354e-02		1.0451146e-02
1.6332075e+01		-2.5817062e-02		-3.5780944e-02		1.0258345e-02
1.6362264e+01		-2.7076372e-02		-3.7195626e-02		1.0055710e-02
1.6392453e+01		-2.8305414e-02		-3.8571265e-02		9.8433971e-03
1.6422642e+01		-2.9503222e-02		-3.9906761e-02		9.6215729e-03
1.6452830e+01		-3.0668862e-02		-4.1201056e-02		9.3904130e-03
1.6483019e+01		-3.1801430e-02		-4.2453133e-02		9.1501021e-03
1.6513208e+01		-3.2900061e-02		-4.3662016e-02		8.9008340e-03
1.6543396e+01		-3.3963918e-02		-4.4826771e-02		8.6428110e-03
1.6573585e+01		-3.4992205e-02		-4.5946507e-02		8.3762442e-03
1.6603774e+01		-3.5984155e-02		-4.7020377e-02		8.1013530e-03
1.6633962e+01		-3.6939043e-02		-4.8047578e-02		7.8183652e-03
1.6664151e+01		-3.7856175e-02		-4.9027351e-02		7.5275166e-03
1.6694340e+01		-3.8734897e-02		-4.9958983e-02		7.2290509e-03
1.6724528e+01		-3.9574592e-02		-5.0841808e-02		6.9232194e-03
1.6754717e+01		-4.0374680e-02		-5.1675203e-02		6.6102810e-03
1.6784906e+01		-4.1134618e-02		-5.2458594e-02		6.2905016e-03
1.6815094e+01		-4.1853902e-02		-5.3191453e-02		5.9641543e-03
1.6845283e+01		-4.2532067e-02		-5.3873299e-02		5.6315190e-03
1.6875472e+01		-4.3168687e-02		-5.4503700e-02		5.2928821e-03
1.6905660e+01		-4.3763374e-02		-5.5082270e-02		4.9485361e-03
1.6935849e+01		-4.4315779e-02		-5.5608670e-02		4.5987799e-03
1.6966038e+01		-4.4825594e-02		-5.6082612e-02		4.2439178e-03
1.6996226e+01		-4.5292549e-02		-5.6503854e-02		3.8842599e-03
1.7026415e+01		-4.5716412e-02		-5.6872202e-02		3.5201214e-03
1.7056604e+01		-4.6096995e-02		-5.7187511e-02		3.1518224e-03
1.7086792e+01		-4.6434145e-02		-5.7449684e-02		2.7796879e-03
1.7116981e+01		-4.6727750e-02		-5.7658671e-02		2.4040470e-03
1.7147170e+01		-4.6977739e-02		-5.7814471e-02		2.0252331e-03
1.7177358e+01		-4.7184077e-02		-5.7917130e-02		1.6435833e-03
1.7207547e+01		-4.7346771e-02		-5.7966743e-02		1.2594383e-03
1.7237736e+01		-4.7465866e-02		-5.7963450e-02		8.7314179e-04
1.7267925e+01		-4.7541446e-02		-5.7907440e-02		4.8504060e-04
1.7298113e+01		-4.7573633e-02		-5.7798947e-02		9.5483947e-05
1.7328302e+01		-4.7562587e-02		-5.7638252e-02		-2.9517665e-04
1.7358491e+01		-4.7508507e-02		-5.7425683e-02		-6.8658775e-04
1.7388679e+01		-4.7411628e-02		-5.7161611e-02		-1.0783943e-03
1.7418868e+01		-4.7272225e-02		-5.6846454e-02		-1.4702399e-03
1.7449057e+01		-4.7090607e-02		-5.6480674e-02		-1.8617674e-03
1.7479245e+01		-4.6867120e-02		-5.6064776e-02		-2.2526187e-03
1.7509434e+01		-4.6602148e-02		-5.5599309e-02		-2.6424356e-03
1.7539623e+01		-4.6296107e-02		-5.5084865e-02		-3.0308599e-03
1.7569811e+01		-4.5949451e-02		-5.4522077e-02		-3.4175339e-03
1.7600000e+01		-4.5562667e-02		-5.3911619e-02		-3.8021002e-03
1.7630189e+01		-4.5136276e-02		-5.3254207e-02		-4.1842027e-03
1.7660377e+01		-4.4670832e-02		-5.2550596e-02		-4.5634868e-03
1.7690566e+01		-4.4166921e-02		-5.1801579e-02		-4.9395993e-03
1.7720755e+01		-4.3625163e-02		-5.1007989e-02		-5.3121890e-03
1.7750943e+01		-4.3046207e-02		-5.0170694e-02		-5.6809073e-03
1.7781132e+01		-4.2430733e-02		-4.9290600e-02		-6.0454081e-03
1.7811321e+01		-4.1779452e-02		-4.8368647e-02		-6.4053483e-03
1.7841509e+01		-4.1093102e-02		-4.7405811e-02		-6.7603881e-03
1.7871698e+01		-4.0372451e-02		-4.6403101e-02		-7.1101916e-03
1.7901887e+01		-3.9618294e-02		-4.5361558e-02		-7.4544264e-03
1.7932075e+01		-3.8831451e-02		-4.4282253e-02		-7.7927649e-03
1.7962264e+01		-3.8012771e-02		-4.3166290e-02		-8.1248836e-03
1.7992453e+01		-3.7163126e-02		-4.2014801e-02		-8.4504643e-03
1.8022642e+01		-3.6283410e-02		-4.0828947e-02		-8.7691938e-03
1.8052830e+01		-3.5374544e-02		-3.9609914e-02		-9.0807644e-03
1.8083019e+01		-3.4437470e-02		-3.8358915e-02		-9.3848744e-03
1.8113208e+01		-3.3473149e-02		-3.7077189e-02		-9.6812280e-03
1.8143396e+01		-3.2482565e-02		-3.5765996e-02		-9.9695359e-03
1.8173585e+01		-3.1466720e-02		-3.4426620e-02		-1.0249515e-02
1.8203774e+01		-3.0426636e-02		-3.3060366e-02		-1.0520891e-02
1.8233962e+01		-2.9363351e-02		-3.1668559e-02		-1.0783393e-02
1.8264151e+01		-2.8277919e-02		-3.0252541e-02		-1.1036763e-02
1.8294340e+01		-2.7171411e-02		-2.8813673e-02		-1.1280745e-02
1.8324528e+01		-2.6044912e-02		-2.7353332e-02		-1.1515095e-02
1.8354717e+01		-2.4899519e-02		-2.5872909e-02		-1.1739576e-02
1.8384906e+01		-2.3736343e-02		-2.4373809e-02		-1.1953959e-02
1.8415094e+01		-2.2556505e-02		-2.2857448e-02		-1.2158025e-02
1.8445283e+01		-2.1361138e-02		-2.1325256e-02		-1.2351562e-02
1.8475472e+01		-2.0151383e-02		-1.9778669e-02		-1.2534369e-02
1.8505660e+01		-1.8928389e-02		-1.8219133e-02		-1.2706253e-02
1.8535849e+01		-1.7693313e-02		-1.6648102e-02		-1.2867032e-02
1.8566038e+01		-1.6447318e-02		-1.5067033e-02		-1.3016532e-02
1.8596226e+01		-1.5191570e-02		-1.3477389e-02		-1.3154590e-02
1.8626415e+01		-1.3927242e-02		-1.1880636e-02		-1.3281054e-02
1.8656604e+01		-1.2655508e-02		-1.0278242e-02		-1.3395781e-02
1.8686792e+01		-1.1377544e-02		-8.6716737e-03		-1.3498637e-02
1.8716981e+01		-1.0094528e-02		-7.0623982e-03		-1.3589502e-02
1.8747170e+01		-8.8076348e-03		-5.4518800e-03		-1.3668264e-02
1.8777358e+01		-7.5180414e-03		-3.8415801e-03		-1.3734823e-02
1.8807547e+01		-6.2269203e-03		-2.2329545e-03		-1.3789090e-02
1.8837736e+01		-4.9354413e-03		-6.2745318e-04		-1.3830986e-02
1.8867925e+01		-3.6447694e-03		9.7348141e-04		-1.3860445e-02
1.8898113e+01		-2.3560644e-03		2.5684155e-03		-1.3877411e-02
1.8928302e+01		-1.0704796e-03		4.1559252e-03		-1.3881838e-02
1.8958491e+01		2.1083924e-04		5.7345980e-03		-1.3873695e-02
1.8988679e+01		1.4867547e-03		7.3030336e-03		-1.3852959e-02
1.9018868e+01		2.7561389e-03		8.8598454e-03		-1.3819621e-02
1.9049057e+01		4.0178744e-03		1.0403662e-02		-1.3773681e-02
1.9079245e+01		5.2708550e-03		1.1933127e-02		-1.3715152e-02
1.9109434e+01		6.5139868e-03		1.3446902e-02		-1.3644060e-02
1.9139623e+01		7.7461892e-03		1.4943668e-02		-1.3560439e-02
1.9169811e+01		8.9663958e-03		1.6422122e-02		-1.3464339e-02
1.9200000e+01		1.0173555e-02		1.7880986e-02		-1.3355817e-02
1.9230189e+01		1.1366631e-02		1.9319000e-02		-1.3234945e-02
1.9260377e+01		1.2544606e-02		2.0734929e-02		-1.3101804e-02
1.9290566e+01		1.3706478e-02		2.2127560e-02		-1.2956489e-02
1.9320755e+01		1.4851265e-02		2.3495706e-02		-1.2799104e-02
1.9350943e+01		1.5978002e-02		2.4838205e-02		-1.2629765e-02
1.9381132e+01		1.7085747e-02		2.6153923e-02		-1.2448601e-02
1.9411321e+01		1.8173576e-02		2.7441751e-02		-1.2255749e-02
1.9441509e+01		1.9240589e-02		2.8700612e-02		-1.2051359e-02
1.9471698e+01		2.0285907e-02		2.9929455e-02		-1.1835592e-02
1.9501887e+01		2.1308674e-02		3.1127261e-02		-1.1608619e-02
1.9532075e+01		2.2308056e-02		3.2293043e-02		-1.1370622e-02
1.9562264e+01		2.3283247e-02		3.3425844e-02		-1.1121793e-02
1.9592453e+01		2.4233463e-02		3.4524741e-02		-1.0862336e-02
1.9622642e+01		2.5157946e-02		3.5588842e-02		-1.0592462e-02
1.9652830e+01		2.6055964e-02		3.6617293e-02		-1.0312396e-02
1.9683019e+01		2.6926813e-02		3.7609271e-02		-1.0022369e-02
1.9713208e+01		2.7769815e-02		3.8563991e-02		-9.7226254e-03
1.9743396e+01		2.8584318e-02		3.9480702e-02		-9.4134157e-03
1.9773585e+01		2.9369702e-02		4.0358691e-02		-9.0950013e-03
1.9803774e+01		3.0125372e-02		4.1197280e-02		-8.7676523e-03
1.9833962e+01		3.0850764e-02		4.1995831e-02		-8.4316476e-03
1.9864151e+01		3.1545343e-02		4.2753743e-02		-8.0872747e-03
1.9894340e+01		3.2208602e-02		4.3470453e-02		-7.7348291e-03
1.9924528e+01		3.2840068e-02		4.4145437e-02		-7.3746146e-03
1.9954717e+01		3.3439294e-02		4.4778210e-02		-7.0069427e-03
1.9984906e+01		3.4005866e-02		4.5368328e-02		-6.6321323e-03
2.0015094e+01		3.4539400e-02		4.5915384e-02		-6.2505097e-03
2.0045283e+01		3.5039546e-02		4.6419013e-02		-5.8624080e-03
2.0075472e+01		3.5505980e-02		4.6878891e-02		-5.4681670e-03
2.0105660e+01		3.5938414e-02		4.7294731e-02		-5.0681327e-03
2.0135849e+01		3.6336590e-02		4.7666290e-02		-4.6626574e-03
2.0166038e+01		3.6700282e-02		4.7993363e-02		-4.2520989e-03
2.0196226e+01		3.7029295e-02		4.8275789e-02		-3.8368206e-03
2.0226415e+01		3.7323466e-02		4.8513444e-02		-3.4171908e-03
2.0256604e+01		3.7582667e-02		4.8706247e-02		-2.9935826e-03
2.0286792e+01		3.7806797e-02		4.8854157e-02		-2.5663738e-03
2.0316981e+01		3.7995789e-02		4.8957173e-02		-2.1359458e-03
2.0347170e+01		3.8149610e-02		4.9015336e-02		-1.7026842e-03
2.0377358e+01		3.8268255e-02		4.9028725e-02		-1.2669777e-03
2.0407547e+01		3.8351753e-02		4.8997462e-02		-8.2921826e-04
2.0437736e+01		3.8400164e-02		4.8921706e-02		-3.8980033e-04
2.0467925e+01		3.8413578e-02		4.8801658e-02		5.0879166e-05
2.0498113e+01		3.8392118e-02		4.8637557e-02		4.9242137e-04
2.0528302e+01		3.8335936e-02		4.8429680e-02		9.3442580e-04
2.0558491e+01		3.8245217e-02		4.8178346e-02		1.3764907e-03
2.0588679e+01		3.8120173e-02		4.7883908e-02		1.8182136e-03
2.0618868e+01		3.7961050e-02		4.7546761e-02		2.2591912e-03
2.0649057e+01		3.7768119e-02		4.7167334e-02		2.6990204e-03
2.0679245e+01		3.7541685e-02		4.6746095e-02		3.1372980e-03
2.0709434e+01		3.7282079e-02		4.6283547e-02		3.5736217e-03
2.0739623e+01		3.6989661e-02		4.5780229e-02		4.0075900e-03
2.0769811e+01		3.6664820e-02		4.5236716e-02		4.4388028e-03
2.0800000e+01		3.6307972e-02		4.4653617e-02		4.8668616e-03
2.0830189e+01		3.5919559e-02		4.4031575e-02		5.2913702e-03
2.0860377e+01		3.5500053e-02		4.3371266e-02		5.7119346e-03
2.0890566e+01		3.5049949e-02		4.2673398e-02		6.1281637e-03
2.0920755e+01		3.4569768e-02		4.1938713e-02		6.5396698e-03
2.0950943e+01		3.4060059e-02		4.1167983e-02		6.9460685e-03
2.0981132e+01		3.3521391e-02		4.0362008e-02		7.3469793e-03
2.1011321e+01		3.2954360e-02		3.9521621e-02		7.7420261e-03
2.1041509e+01		3.2359584e-02		3.8647681e-02		8.1308372e-03
2.1071698e+01		3.1737705e-02		3.7741077e-02		8.5130463e-03
2.1101887e+01		3.1089385e-02		3.6802723e-02		8.8882919e-03
2.1132075e+01		3.0415309e-02		3.5833560e-02		9.2562184e-03
2.1162264e+01		2.9716181e-02		3.4834554e-02		9.6164763e-03
2.1192453e+01		2.8992726e-02		3.3806695e-02		9.9687223e-03
2.1222642e+01		2.8245688e-02		3.2750997e-02		1.0312620e-02
2.1252830e+01		2.7475829e-02		3.1668495e-02		1.0647839e-02
2.1283019e+01		2.6683930e-02		3.0560245e-02		1.0974057e-02
2.1313208e+01		2.5870786e-02		2.9427325e-02		1.1290961e-02
2.1343396e+01		2.5037212e-02		2.8270832e-02		1.1598242e-02
2.1373585e+01		2.4184035e-02		2.7091878e-02		1.1895602e-02
2.1403774e+01		2.3312099e-02		2.5891597e-02		1.2182751e-02
2.1433962e+01		2.2422260e-02		2.4671135e-02		1.2459408e-02
2.1464151e+01		2.1515387e-02		2.3431656e-02		1.2725300e-02
2.1494340e+01		2.0592363e-02		2.2174335e-02		1.2980165e-02
2.1524528e+01		1.9654081e-02		2.0900363e-02		1.3223749e-02
2.1554717e+01		1.8701443e-02		1.9610939e-02		1.3455808e-02
2.1584906e+01		1.7735363e-02		1.8307276e-02		1.3676108e-02
2.1615094e+01		1.6756763e-02		1.6990594e-02		1.3884428e-02
2.1645283e+01		1.5766573e-02		1.5662124e-02		1.4080554e-02
2.1675472e+01		1.4765728e-02		1.4323101e-02		1.4264284e-02
2.1705660e+01		1.3755171e-02		1.2974769e-02		1.4435427e-02
2.1735849e+01		1.2735852e-02		1.1618374e-02		1.4593803e-02
2.1766038e+01		1.1708721e-02		1.0255169e-02		1.4739245e-02
2.1796226e+01		1.0674736e-02		8.8864084e-03		1.4871594e-02
2.1826415e+01		9.6348546e-03		7.5133468e-03		1.4990706e-02
2.1856604e+01		8.5900378e-03		6.1372408e-03		1.5096448e-02
2.1886792e+01		7.5412470e-03		4.7593459e-03		1.5188697e-02
2.1916981e+01		6.4894436e-03		3.3809157e-03		1.5267345e-02
2.1947170e+01		5.4355885e-03		2.0032008e-03		1.5332294e-02
2.1977358e+01		4.3806407e-03		6.2744790e-04		1.5383460e-02
2.2007547e+01		3.3255570e-03		-7.4510165e-04		1.5420770e-02
2.2037736e+01		2.2712906e-03		-2.1132127e-03		1.5444165e-02
2.2067925e+01		1.2187907e-03		-3.4756576e-03		1.5453597e-02
2.2098113e+01		1.6900132e-04		-4.8312169e-03		1.5449032e-02
2.2128302e+01		-8.7713926e-04		-6.1786809e-03		1.5430448e-02
2.2158491e+01		-1.9186994e-03		-7.5168505e-03		1.5397836e-02
2.2188679e+01		-2.9547550e-03		-8.8445381e-03		1.5351200e-02
2.2218868e+01		-3.9843902e-03		-1.0160569e-02		1.5290557e-02
2.2249057e+01		-5.0066983e-03		-1.1463782e-02		1.5215936e-02
2.2279245e+01		-6.0207822e-03		-1.2753030e-02		1.5127380e-02
2.2309434e+01		-7.0257556e-03		-1.4027184e-02		1.5024943e-02
2.2339623e+01		-8.0207436e-03		-1.5285128e-02		1.4908695e-02
2.2369811e+01		-9.0048834e-03		-1.6525766e-02		1.4778714e-02
2.2400000e+01		-9.9773248e-03		-1.7748022e-02		1.4635095e-02
2.2430189e+01		-1.0937232e-02		-1.8950835e-02		1.4477944e-02
2.2460377e+01		-1.1883781e-02		-2.0133168e-02		1.4307380e-02
2.2490566e+01		-1.2816167e-02		-2.1294005e-02		1.4123533e-02
2.2520755e+01		-1.3733597e-02		-2.2432351e-02		1.3926548e-02
2.2550943e+01		-1.4635296e-02		-2.3547234e-02		1.3716579e-02
2.2581132e+01		-1.5520505e-02		-2.4637707e-02		1.3493795e-02
2.2611321e+01		-1.6388484e-02		-2.5702846e-02		1.3258375e-02
2.2641509e+01		-1.7238510e-02		-2.6741752e-02		1.3010512e-02
2.2671698e+01		-1.8069878e-02		-2.7753556e-02		1.2750409e-02
2.2701887e+01		-1.8881905e-02		-2.8737410e-02		1.2478281e-02
2.2732075e+01		-1.9673924e-02		-2.9692498e-02		1.2194354e-02
2.2762264e+01		-2.0445292e-02		-3.0618030e-02		1.1898866e-02
2.2792453e+01		-2.1195384e-02		-3.1513246e-02		1.1592066e-02
2.2822642e+01		-2.1923599e-02		-3.2377413e-02		1.1274213e-02
2.2852830e+01		-2.2629355e-02		-3.3209831e-02		1.0945577e-02
2.2883019e+01		-2.3312094e-02		-3.4009830e-02		1.0606438e-02
2.2913208e+01		-2.3971282e-02		-3.4776768e-02		1.0257086e-02
2.2943396e+01		-2.4606404e-02		-3.5510038e-02		9.8978230e-03
2.2973585e+01		-2.5216972e-02		-3.6209064e-02		9.5289571e-03
2.3003774e+01		-2.5802521e-02		-3.6873301e-02		9.1508080e-03
2.3033962e+01		-2.6362609e-02		-3.7502239e-02		8.7637037e-03
2.3064151e+01		-2.6896821e-02		-3.8095400e-02		8.3679813e-03
2.3094340e+01		-2.7404763e-02		-3.8652340e-02		7.9639859e-03
2.3124528e+01		-2.7886069e-02		-3.9172648e-02		7.5520713e-03
2.3154717e+01		-2.8340397e-02		-3.9655949e-02		7.1325988e-03
2.3184906e+01		-2.8767432e-02		-4.0101900e-02		6.7059372e-03
2.3215094e+01		-2.9166882e-02		-4.0510195e-02		6.2724626e-03
2.3245283e+01		-2.9538483e-02		-4.0880560e-02		5.8325581e-03
2.3275472e+01		-2.9881996e-02		-4.1212759e-02		5.3866132e-03
2.3305660e+01		-3.0197208e-02		-4.1506590e-02		4.9350236e-03
2.3335849e+01		-3.0483934e-02		-4.1761884e-02		4.4781907e-03
2.3366038e+01		-3.0742014e-02		-4.1978512e-02		4.0165217e-03
2.3396226e+01		-3.0971312e-02		-4.2156375e-02		3.5504285e-03
2.3426415e+01		-3.1171723e-02		-4.2295412e-02		3.0803282e-03
2.3456604e+01		-3.1343165e-02		-4.2395598e-02		2.6066418e-03
2.3486792e+01		-3.1485584e-02		-4.2456942e-02		2.1297946e-03
2.3516981e+01		-3.1598951e-02		-4.2479487e-02		1.6502155e-03
2.3547170e+01		-3.1683264e-02		-4.2463313e-02		1.1683364e-03
2.3577358e+01		-3.1738548e-02		-4.2408534e-02		6.8459230e-04
2.3607547e+01		-3.1764853e-02		-4.2315298e-02		1.9942037e-04
2.3637736e+01		-3.1762254e-02		-4.2183788e-02		-2.8674001e-04
2.3667925e+01		-3.1730854e-02		-4.2014221e-02		-7.7344788e-04
2.3698113e+01		-3.1670780e-02		-4.1806848e-02		-1.2602610e-03
2.3728302e+01		-3.1582185e-02		-4.1561953e-02		-1.7467365e-03
2.3758491e+01		-3.1465248e-02		-4.1279853e-02		-2.2324307e-03
2.3788679e+01		-3.1320170e-02		-4.0960899e-02		-2.7169003e-03
2.3818868e+01		-3.1147181e-02		-4.0605474e-02		-3.1997021e-03
2.3849057e+01		-3.0946530e-02		-4.0213993e-02		-3.6803938e-03
2.3879245e+01		-3.0718496e-02		-3.9786901e-02		-4.1585344e-03
2.3909434e+01		-3.0463377e-02		-3.9324676e-02		-4.6336844e-03
2.3939623e+01		-3.0181497e-02		-3.8827826e-02		-5.1054063e-03
2.3969811e+01		-2.9873201e-02		-3.8296889e-02		-5.5732650e-03
2.4000000e+01		-2.9538859e-02		-3.7732432e-02		-6.0368282e-03
2.4030189e+01		-2.9178861e-02		-3.7135051e-02		-6.4956671e-03
2.4060377e+01		-2.8793620e-02		-3.6505371e-02		-6.9493561e-03
2.4090566e+01		-2.8383571e-02		-3.5844044e-02		-7.3974740e-03
2.4120755e+01		-2.7949168e-02		-3.5151749e-02		-7.8396036e-03
2.4150943e+01		-2.7490886e-02		-3.4429192e-02		-8.2753329e-03
2.4181132e+01		-2.7009221e-02		-3.3677103e-02		-8.7042548e-03
2.4211321e+01		-2.6504688e-02		-3.2896238e-02		-9.1259679e-03
2.4241509e+01		-2.5977819e-02		-3.2087377e-02		-9.5400767e-03
2.4271698e+01		-2.5429168e-02		-3.1251325e-02		-9.9461920e-03
2.4301887e+01		-2.4859303e-02		-3.0388905e-02		-1.0343931e-02
2.4332075e+01		-2.4268811e-02		-2.9500968e-02		-1.0732919e-02
2.4362264e+01		-2.3658296e-02		-2.8588380e-02		-1.1112788e-02
2.4392453e+01		-2.3028377e-02		-2.7652031e-02		-1.1483176e-02
2.4422642e+01		-2.2379690e-02		-2.6692829e-02		-1.1843733e-02
2.4452830e+01		-2.1712882e-02		-2.5711701e-02		-1.2194113e-02
2.4483019e+01		-2.1028620e-02		-2.4709590e-02		-1.2533983e-02
2.4513208e+01		-2.0327578e-02		-2.3687458e-02		-1.2863016e-02
2.4543396e+01		-1.9610449e-02		-2.2646281e-02		-1.3180895e-02
2.4573585e+01		-1.8877934e-02		-2.1587050e-02		-1.3487314e-02
2.4603774e+01		-1.8130747e-02		-2.0510770e-02		-1.3781975e-02
2.4633962e+01		-1.7369613e-02		-1.9418460e-02		-1.4064592e-02
2.4664151e+01		-1.6595266e-02		-1.8311150e-02		-1.4334890e-02
2.4694340e+01		-1.5808451e-02		-1.7189882e-02		-1.4592601e-02
2.4724528e+01		-1.5009921e-02		-1.6055705e-02		-1.4837474e-02
2.4754717e+01		-1.4200437e-02		-1.4909681e-02		-1.5069263e-02
2.4784906e+01		-1.3380768e-02		-1.3752879e-02		-1.5287739e-02
2.4815094e+01		-1.2551688e-02		-1.2586373e-02		-1.5492682e-02
2.4845283e+01		-1.1713979e-02		-1.1411247e-02		-1.5683884e-02
2.4875472e+01		-1.0868426e-02		-1.0228586e-02		-1.5861150e-02
2.4905660e+01		-1.0015821e-02		-9.0394824e-03		-1.6024297e-02
2.4935849e+01		-9.1569584e-03		-7.8450306e-03		-1.6173156e-02
2.4966038e+01		-8.2926347e-03		-6.6463269e-03		-1.6307567e-02
2.4996226e+01		-7.4236500e-03		-5.4444693e-03		-1.6427388e-02
2.5026415e+01		-6.5508057e-03		-4.2405557e-03		-1.6532487e-02
2.5056604e+01		-5.6749038e-03		-3.0356834e-03		-1.6622745e-02
2.5086792e+01		-4.7967466e-03		-1.8309479e-03		-1.6698059e-02
2.5116981e+01		-3.9171357e-03		-6.2744182e-04		-1.6758336e-02
2.5147170e+01		-3.0368713e-03		5.7374576e-04		-1.6803499e-02
2.5177358e+01		-2.1567518e-03		1.7715306e-03		-1.6833484e-02
2.5207547e+01		-1.2775727e-03		2.9648340e-03		-1.6848241e-02
2.5237736e+01		-4.0012600e-04		4.1525840e-03		-1.6847733e-02
2.5267925e+01		4.7480038e-04		5.3337163e-03		-1.6831938e-02
2.5298113e+01		1.3464234e-03		6.5071749e-03		-1.6800848e-02
2.5328302e+01		2.2139655e-03		7.6719133e-03		-1.6754467e-02
2.5358491e+01		3.0766554e-03		8.8268956e-03		-1.6692815e-02
2.5388679e+01		3.9337288e-03		9.9710969e-03		-1.6615926e-02
2.5418868e+01		4.7844287e-03		1.1103505e-02		-1.6523847e-02
2.5449057e+01		5.6280066e-03		1.2223119e-02		-1.6416638e-02
2.5479245e+01		6.4637227e-03		1.3328955e-02		-1.6294376e-02
2.5509434e+01		7.2908467e-03		1.4420042e-02		-1.6157148e-02
2.5539623e+01		8.1086585e-03		1.5495424e-02		-1.6005059e-02
2.5569811e+01		8.9164486e-03		1.6554162e-02		-1.5838223e-02
2.5600000e+01		9.7135191e-03		1.7595336e-02		-1.5656773e-02
2.5630189e+01		1.0499184e-02		1.8618041e-02		-1.5460850e-02
2.5660377e+01		1.1272769e-02		1.9621394e-02		-1.5250613e-02
2.5690566e+01		1.2033614e-02		2.0604529e-02		-1.5026231e-02
2.5720755e+01		1.2781072e-02		2.1566601e-02		-1.4787888e-02
2.5750943e+01		1.3514510e-02		2.2506787e-02		-1.4535782e-02
2.5781132e+01		1.4233310e-02		2.3424286e-02		-1.4270120e-02
2.5811321e+01		1.4936870e-02		2.4318317e-02		-1.3991126e-02
2.5841509e+01		1.5624602e-02		2.5188123e-02		-1.3699033e-02
2.5871698e+01		1.6295934e-02		2.6032974e-02		-1.3394090e-02
2.5901887e+01		1.6950314e-02		2.6852159e-02		-1.3076554e-02
2.5932075e+01		1.7587202e-02		2.7644995e-02		-1.2746697e-02
2.5962264e+01		1.8206080e-02		2.8410824e-02		-1.2404801e-02
2.5992453e+01		1.8806446e-02		2.9149014e-02		-1.2051160e-02
2.6022642e+01		1.9387816e-02		2.9858959e-02		-1.1686079e-02
2.6052830e+01		1.9949724e-02		3.0540080e-02		-1.1309874e-02
2.6083019e+01		2.0491726e-02		3.1191825e-02		-1.0922871e-02
2.6113208e+01		2.1013395e-02		3.1813672e-02		-1.0525408e-02
2.6143396e+01		2.1514323e-02		3.2405125e-02		-1.0117831e-02
2.6173585e+01		2.1994124e-02		3.2965718e-02		-9.7004966e-03
2.6203774e+01		2.2452432e-02		3.3495011e-02		-9.2737711e-03
2.6233962e+01		2.2888901e-02		3.3992599e-02		-8.8380294e-03
2.6264151e+01		2.3303205e-02		3.4458101e-02		-8.3936555e-03
2.6294340e+01		2.3695040e-02		3.4891169e-02		-7.9410415e-03
2.6324528e+01		2.4064124e-02		3.5291484e-02		-7.4805879e-03
2.6354717e+01		2.4410196e-02		3.5658758e-02		-7.0127027e-03
2.6384906e+01		2.4733014e-02		3.5992734e-02		-6.5378012e-03
2.6415094e+01		2.5032362e-02		3.6293184e-02		-6.0563060e-03
2.6445283e+01		2.5308043e-02		3.6559912e-02		-5.5686461e-03
2.6475472e+01		2.5559882e-02		3.6792754e-02		-5.0752566e-03
2.6505660e+01		2.5787728e-02		3.6991574e-02		-4.5765786e-03
2.6535849e+01		2.5991451e-02		3.7156271e-02		-4.0730587e-03
2.6566038e+01		2.6170941e-02		3.7286772e-02		-3.5651484e-03
2.6596226e+01		2.6326115e-02		3.7383036e-02		-3.0533038e-03
2.6626415e+01		2.6456908e-02		3.7445053e-02		-2.5379854e-03
2.6656604e+01		2.6563280e-02		3.7472846e-02		-2.0196574e-03
2.6686792e+01		2.6645210e-02		3.7466466e-02		-1.4987874e-03
2.6716981e+01		2.6702702e-02		3.7425996e-02		-9.7584582e-04
2.6747170e+01		2.6735782e-02		3.7351551e-02		-4.5130588e-04
2.6777358e+01		2.6744495e-02		3.7243273e-02		7.4357273e-05
2.6807547e+01		2.6728911e-02		3.7101338e-02		6.0066678e-04
2.6837736e+01		2.6689121e-02		3.6925951e-02		1.1271445e-03
2.6867925e+01		2.6625236e-02		3.6717345e-02		1.6533116e-03
2.6898113e+01		2.6537391e-02		3.6475785e-02		2.1786888e-03
2.6928302e+01		2.6425739e-02		3.6201565e-02		2.7027968e-03
2.6958491e+01		2.6290457e-02		3.5895005e-02		3.2251571e-03
2.6988679e+01		2.6131740e-02		3.5556457e-02		3.7452917e-03
2.7018868e+01		2.5949807e-02		3.5186299e-02		4.2627245e-03
2.7049057e+01		2.5744893e-02		3.4784939e-02		4.7769808e-03
2.7079245e+01		2.5517258e-02		3.4352810e-02		5.2875884e-03
2.7109434e+01		2.5267177e-02		3.3890373e-02		5.7940778e-03
2.7139623e+01		2.4994947e-02		3.3398115e-02		6.2959825e-03
2.7169811e+01		2.4700883e-02		3.2876550e-02		6.7928396e-03
2.7200000e+01		2.4385320e-02		3.2326216e-02		7.2841903e-03
2.7230189e+01		2.4048610e-02		3.1747676e-02		7.7695800e-03
2.7260377e+01		2.3691124e-02		3.1141518e-02		8.2485592e-03
2.7290566e+01		2.3313250e-02		3.0508354e-02		8.7206835e-03
2.7320755e+01		2.2915393e-02		2.9848818e-02		9.1855141e-03
2.7350943e+01		2.2497975e-02		2.9163567e-02		9.6426185e-03
2.7381132e+01		2.2061435e-02		2.8453280e-02		1.0091571e-02
2.7411321e+01		2.1606228e-02		2.7718657e-02		1.0531951e-02
2.7441509e+01		2.1132822e-02		2.6960418e-02		1.0963347e-02
2.7471698e+01		2.0641704e-02		2.6179305e-02		1.1385356e-02
2.7501887e+01		2.0133371e-02		2.5376075e-02		1.1797580e-02
2.7532075e+01		1.9608338e-02		2.4551507e-02		1.2199632e-02
2.7562264e+01		1.9067132e-02		2.3706397e-02		1.2591133e-02
2.7592453e+01		1.8510291e-02		2.2841556e-02		1.2971713e-02
2.7622642e+01		1.7938369e-02		2.1957813e-02		1.3341010e-02
2.7652830e+01		1.7351930e-02		2.1056012e-02		1.3698676e-02
2.7683019e+01		1.6751548e-02		2.0137010e-02		1.4044368e-02
2.7713208e+01		1.6137811e-02		1.9201680e-02		1.4377757e-02
2.7743396e+01		1.5511315e-02		1.8250907e-02		1.4698524e-02
2.7773585e+01		1.4872666e-02		1.7285586e-02		1.5006361e-02
2.7803774e+01		1.4222479e-02		1.6306627e-02		1.5300971e-02
2.7833962e+01		1.3561380e-02		1.5314947e-02		1.5582069e-02
2.7864151e+01		1.2889999e-02		1.4311475e-02		1.5849381e-02
2.7894340e+01		1.2208975e-02		1.3297147e-02		1.6102648e-02
2.7924528e+01		1.1518956e-02		1.2272908e-02		1.6341621e-02
2.7954717e+01		1.0820592e-02		1.1239709e-02		1.6566063e-02
2.7984906e+01		1.0114542e-02		1.0198508e-02		1.6775753e-02
2.8015094e+01		9.4014687e-03		9.1502665e-03		1.6970481e-02
2.8045283e+01		8.6820382e-03		8.0959525e-03		1.7150051e-02
2.8075472e+01		7.9569217e-03		7.0365360e-03		1.7314281e-02
2.8105660e+01		7.2267929e-03		5.9729900e-03		1.7463001e-02
2.8135849e+01		6.4923280e-03		4.9062889e-03		1.7596056e-02
2.8166038e+01		5.7542052e-03		3.8374083e-03		1.7713307e-02
2.8196226e+01		5.0131038e-03		2.7673232e-03		1.7814627e-02
2.8226415e+01		4.2697037e-03		1.6970080e-03		1.7899903e-02
2.8256604e+01		3.5246851e-03		6.2743492e-04		1.7969038e-02
2.8286792e+01		2.7787273e-03		-4.4042633e-04		1.8021949e-02
2.8316981e+01		2.0325085e-03		-1.5056098e-03		1.8058567e-02
2.8347170e+01		1.2867051e-03		-2.5671538e-03		1.8078840e-02
2.8377358e+01		5.4199113e-04		-3.6241024e-03		1.8082728e-02
2.8407547e+01		-2.0096251e-04		-4.6755054e-03		1.8070208e-02
2.8437736e+01		-9.4148844e-04		-5.7204200e-03		1.8041271e-02
2.8467925e+01		-1.6789235e-03		-6.7579110e-03		1.7995923e-02
2.8498113e+01		-2.4126094e-03		-7.7870520e-03		1.7934185e-02
2.8528302e+01		-3.1418932e-03		-8.8069262e-03		1.7856093e-02
2.8558491e+01		-3.8661276e-03		-9.8166271e-03		1.7761698e-02
2.8588679e+01		-4.5846723e-03		-1.0815259e-02		1.7651067e-02
2.8618868e+01		-5.2968938e-03		-1.1801939e-02		1.7524279e-02
2.8649057e+01		-6.0021661e-03		-1.2775796e-02		1.7381432e-02
2.8679245e+01		-6.6998715e-03		-1.3735973e-02		1.7222635e-02
2.8709434e+01		-7.3894011e-03		-1.4681626e-02		1.7048013e-02
2.8739623e+01		-8.0701549e-03		-1.5611927e-02		1.6857706e-02
2.8769811e+01		-8.7415429e-03		-1.6526063e-02		1.6651869e-02
2.8800000e+01		-9.4029852e-03		-1.7423240e-02		1.6430670e-02
2.8830189e+01		-1.0053913e-02		-1.8302676e-02		1.6194292e-02
2.8860377e+01		-1.0693767e-02		-1.9163611e-02		1.5942931e-02
2.8890566e+01		-1.1322002e-02		-2.0005301e-02		1.5676799e-02
2.8920755e+01		-1.1938084e-02		-2.0827023e-02		1.5396120e-02
2.8950943e+01		-1.2541492e-02		-2.1628071e-02		1.5101131e-02
2.8981132e+01		-1.3131715e-02		-2.2407762e-02		1.4792085e-02
2.9011321e+01		-1.3708260e-02		-2.3165431e-02		1.4469246e-02
2.9041509e+01		-1.4270644e-02		-2.3900437e-02		1.4132891e-02
2.9071698e+01		-1.4818402e-02		-2.4612159e-02		1.3783310e-02
2.9101887e+01		-1.5351079e-02		-2.5299998e-02		1.3420805e-02
2.9132075e+01		-1.5868239e-02		-2.5963380e-02		1.3045692e-02
2.9162264e+01		-1.6369460e-02		-2.6601754e-02		1.2658297e-02
2.9192453e+01		-1.6854334e-02		-2.7214590e-02		1.2258957e-02
2.9222642e+01		-1.7322472e-02		-2.7801385e-02		1.1848022e-02
2.9252830e+01		-1.7773498e-02		-2.8361661e-02		1.1425853e-02
2.9283019e+01		-1.8207055e-02		-2.8894962e-02		1.0992820e-02
2.9313208e+01		-1.8622802e-02		-2.9400860e-02		1.0549305e-02
2.9343396e+01		-1.9020415e-02		-2.9878952e-02		1.0095698e-02
2.9373585e+01		-1.9399588e-02		-3.0328861e-02		9.6324021e-03
2.9403774e+01		-1.9760032e-02		-3.0750236e-02		9.1598261e-03
2.9433962e+01		-2.0101475e-02		-3.1142754e-02		8.6783897e-03
2.9464151e+01		-2.0423664e-02		-3.1506116e-02		8.1885206e-03
2.9494340e+01		-2.0726365e-02		-3.1840053e-02		7.6906548e-03
2.9524528e+01		-2.1009360e-02		-3.2144321e-02		7.1852362e-03
2.9554717e+01		-2.1272451e-02		-3.2418704e-02		6.6727159e-03
2.9584906e+01		-2.1515458e-02		-3.2663015e-02		6.1535520e-03
2.9615094e+01		-2.1738221e-02		-3.2877093e-02		5.6282094e-03
2.9645283e+01		-2.1940596e-02		-3.3060805e-02		5.0971590e-03
2.9675472e+01		-2.2122461e-02		-3.3214046e-02		4.5608774e-03
2.9705660e+01		-2.2283710e-02		-3.3336739e-02		4.0198467e-03
2.9735849e+01		-2.2424259e-02		-3.3428834e-02		3.4745537e-03
2.9766038e+01		-2.2544040e-02		-3.3490310e-02		2.9254897e-03
2.9796226e+01		-2.2643006e-02		-3.3521173e-02		2.3731501e-03
2.9826415e+01		-2.2721128e-02		-3.3521457e-02		1.8180336e-03
2.9856604e+01		-2.2778396e-02		-3.3491223e-02		1.2606423e-03
2.9886792e+01		-2.2814819e-02		-3.3430562e-02		7.0148070e-04
2.9916981e+01		-2.2830425e-02		-3.3339588e-02		1.4105560e-04
2.9947170e+01		-2.2825260e-02		-3.3218447e-02		-4.2012450e-04
2.9977358e+01		-2.2799390e-02		-3.3067309e-02		-9.8154985e-04
3.0007547e+01		-2.2752898e-02		-3.2886371e-02		-1.5427099e-03
3.0037736e+01		-2.2685886e-02		-3.2675858e-02		-2.1030938e-03
3.0067925e+01		-2.2598476e-02		-3.2436021e-02		-2.6621907e-03
3.0098113e+01		-2.2490804e-02		-3.2167136e-02		-3.2194906e-03
3.0128302e+01		-2.2363028e-02		-3.1869506e-02		-3.7744844e-03
3.0158491e+01		-2.2215321e-02		-3.1543458e-02		-4.3266645e-03
3.0188679e+01		-2.2047876e-02		-3.1189346e-02		-4.8755254e-03
3.0218868e+01		-2.1860901e-02		-3.0807548e-02		-5.4205641e-03
3.0249057e+01		-2.1654621e-02		-3.0398465e-02		-5.9612805e-03
3.0279245e+01		-2.1429280e-02		-2.9962524e-02		-6.4971778e-03
3.0309434e+01		-2.1185137e-02		-2.9500174e-02		-7.0277631e-03
3.0339623e+01		-2.0922468e-02		-2.9011887e-02		-7.5525478e-03
3.0369811e+01		-2.0641563e-02		-2.8498160e-02		-8.0710482e-03
3.0400000e+01		-2.0342730e-02		-2.7959508e-02		-8.5827856e-03
3.0430189e+01		-2.0026291e-02		-2.7396472e-02		-9.0872869e-03
3.0460377e+01		-1.9692584e-02		-2.6809610e-02		-9.5840854e-03
3.0490566e+01		-1.9341961e-02		-2.6199503e-02		-1.0072721e-02
3.0520755e+01		-1.8974787e-02		-2.5566751e-02		-1.0552739e-02
3.0550943e+01		-1.8591444e-02		-2.4911975e-02		-1.1023695e-02
3.0581132e+01		-1.8192324e-02		-2.4235811e-02		-1.1485149e-02
3.0611321e+01		-1.7777835e-02		-2.3538917e-02		-1.1936672e-02
3.0641509e+01		-1.7348397e-02		-2.2821967e-02		-1.2377843e-02
3.0671698e+01		-1.6904441e-02		-2.2085651e-02		-1.2808248e-02
3.0701887e+01		-1.6446410e-02		-2.1330677e-02		-1.3227485e-02
3.0732075e+01		-1.5974761e-02		-2.0557767e-02		-1.3635161e-02
3.0762264e+01		-1.5489960e-02		-1.9767658e-02		-1.4030891e-02
3.0792453e+01		-1.4992483e-02		-1.8961101e-02		-1.4414303e-02
3.0822642e+01		-1.4482818e-02		-1.8138863e-02		-1.4785035e-02
3.0852830e+01		-1.3961460e-02		-1.7301720e-02		-1.5142737e-02
3.0883019e+01		-1.3428916e-02		-1.6450463e-02		-1.5487069e-02
3.0913208e+01		-1.2885699e-02		-1.5585892e-02		-1.5817704e-02
3.0943396e+01		-1.2332333e-02		-1.4708818e-02		-1.6134325e-02
3.0973585e+01		-1.1769348e-02		-1.3820063e-02		-1.6436632e-02
3.1003774e+01		-1.1197281e-02		-1.2920457e-02		-1.6724332e-02
3.1033962e+01		-1.0616677e-02		-1.2010838e-02		-1.6997150e-02
3.1064151e+01		-1.0028085e-02		-1.1092053e-02		-1.7254821e-02
3.1094340e+01		-9.4320614e-03		-1.0164954e-02		-1.7497096e-02
3.1124528e+01		-8.8291676e-03		-9.2303983e-03		-1.7723736e-02
3.1154717e+01		-8.2199693e-03		-8.2892509e-03		-1.7934521e-02
3.1184906e+01		-7.6050362e-03		-7.3423790e-03		-1.8129242e-02
3.1215094e+01		-6.9849417e-03		-6.3906541e-03		-1.8307704e-02
3.1245283e+01		-6.3602623e-03		-5.4349501e-03		-1.8469729e-02
3.1275472e+01		-5.7315770e-03		-4.4761431e-03		-1.8615152e-02
3.1305660e+01		-5.0994666e-03		-3.5151102e-03		-1.8743824e-02
3.1335849e+01		-4.4645136e-03		-2.5527288e-03		-1.8855610e-02
3.1366038e+01		-3.8273014e-03		-1.5898759e-03		-1.8950391e-02
3.1396226e+01		-3.1884136e-03		-6.2742720e-04		-1.9028063e-02
3.1426415e+01		-2.5484338e-03		3.3374364e-04		-1.9088539e-02
3.1456604e+01		-1.9079451e-03		1.2927658e-03		-1.9131745e-02
3.1486792e+01		-1.2675292e-03		2.2487720e-03		-1.9157625e-02
3.1516981e+01		-6.2776611e-04		3.2008995e-03		-1.9166137e-02
3.1547170e+01		1.0766262e-05		4.1482906e-03		-1.9157256e-02
3.1577358e+01		6.4749281e-04		5.0900935e-03		-1.9130972e-02
3.1607547e+01		1.2818417e-03		6.0254633e-03		-1.9087291e-02
3.1637736e+01		1.9132447e-03		6.9535624e-03		-1.9026236e-02
3.1667925e+01		2.5411381e-03		7.8735613e-03		-1.8947845e-02
3.1698113e+01		3.1649627e-03		8.7846395e-03		-1.8852171e-02
3.1728302e+01		3.7841647e-03		9.6859864e-03		-1.8739284e-02
3.1758491e+01		4.3981959e-03		1.0576801e-02		-1.8609269e-02
3.1788679e+01		5.0065144e-03		1.1456295e-02		-1.8462227e-02
3.1818868e+01		5.6085850e-03		1.2323690e-02		-1.8298276e-02
3.1849057e+01		6.2038796e-03		1.3178220e-02		-1.8117547e-02
3.1879245e+01		6.7918776e-03		1.4019135e-02		-1.7920187e-02
3.1909434e+01		7.3720666e-03		1.4845694e-02		-1.7706361e-02
3.1939623e+01		7.9439426e-03		1.5657176e-02		-1.7476246e-02
3.1969811e+01		8.5070106e-03		1.6452870e-02		-1.7230035e-02
3.2000000e+01		9.0607850e-03		1.7232084e-02		-1.6967936e-02
3.2030189e+01		9.6047897e-03		1.7994140e-02		-1.6690172e-02
3.2060377e+01		1.0138559e-02		1.8738379e-02		-1.6396981e-02
3.2090566e+01		1.0661638e-02		1.9464158e-02		-1.6088613e-02
3.2120755e+01		1.1173581e-02		2.0170851e-02		-1.5765334e-02
3.2150943e+01		1.1673957e-02		2.0857853e-02		-1.5427424e-02
3.2181132e+01		1.2162344e-02		2.1524577e-02		-1.5075176e-02
3.2211321e+01		1.2638331e-02		2.2170454e-02		-1.4708897e-02
3.2241509e+01		1.3101524e-02		2.2794937e-02		-1.4328905e-02
3.2271698e+01		1.3551536e-02		2.3397499e-02		-1.3935533e-02
3.2301887e+01		1.3987997e-02		2.3977632e-02		-1.3529126e-02
3.2332075e+01		1.4410549e-02		2.4534852e-02		-1.3110041e-02
3.2362264e+01		1.4818848e-02		2.5068694e-02		-1.2678647e-02
3.2392453e+01		1.5212562e-02		2.5578718e-02		-1.2235324e-02
3.2422642e+01		1.5591375e-02		2.6064505e-02		-1.1780465e-02
3.2452830e+01		1.5954985e-02		2.6525658e-02		-1.1314471e-02
3.2483019e+01		1.6303104e-02		2.6961803e-02		-1.0837757e-02
3.2513208e+01		1.6635460e-02		2.7372591e-02		-1.0350746e-02
3.2543396e+01		1.6951795e-02		2.7757696e-02		-9.8538697e-03
3.2573585e+01		1.7251866e-02		2.8116816e-02		-9.3475722e-03
3.2603774e+01		1.7535447e-02		2.8449672e-02		-8.8323046e-03
3.2633962e+01		1.7802324e-02		2.8756010e-02		-8.3085271e-03
3.2664151e+01		1.8052304e-02		2.9035601e-02		-7.7767082e-03
3.2694340e+01		1.8285204e-02		2.9288240e-02		-7.2373240e-03
3.2724528e+01		1.8500862e-02		2.9513748e-02		-6.6908580e-03
3.2754717e+01		1.8699128e-02		2.9711969e-02		-6.1378007e-03
3.2784906e+01		1.8879872e-02		2.9882774e-02		-5.5786490e-03
3.2815094e+01		1.9042977e-02		3.0026059e-02		-5.0139058e-03
3.2845283e+01		1.9188343e-02		3.0141742e-02		-4.4440796e-03
3.2875472e+01		1.9315888e-02		3.0229771e-02		-3.8696842e-03
3.2905660e+01		1.9425545e-02		3.0290115e-02		-3.2912376e-03
3.2935849e+01		1.9517262e-02		3.0322771e-02		-2.7092624e-03
3.2966038e+01		1.9591007e-02		3.0327760e-02		-2.1242847e-03
3.2996226e+01		1.9646761e-02		3.0305127e-02		-1.5368340e-03
3.3026415e+01		1.9684523e-02		3.0254945e-02		-9.4744221e-04
3.3056604e+01		1.9704307e-02		3.0177308e-02		-3.5664390e-04
3.3086792e+01		1.9706145e-02		3.0072338e-02		2.3502483e-04
3.3116981e+01		1.9690084e-02		2.9940180e-02		8.2702649e-04
3.3147170e+01		1.9656187e-02		2.9781003e-02		1.4188228e-03
3.3177358e+01		1.9604534e-02		2.9595002e-02		2.0098753e-03
3.3207547e+01		1.9535219e-02		2.9382394e-02		2.5996454e-03
3.3237736e+01		1.9448354e-02		2.9143420e-02		3.1875956e-03
3.3267925e+01		1.9344064e-02		2.8878347e-02		3.7731891e-03
3.3298113e+01		1.9222492e-02		2.8587461e-02		4.3558912e-03
3.3328302e+01		1.9083794e-02		2.8271075e-02		4.9351691e-03
3.3358491e+01		1.8928143e-02		2.7929521e-02		5.5104926e-03
3.3388679e+01		1.8755726e-02		2.7563156e-02		6.0813347e-03
3.3418868e+01		1.8566745e-02		2.7172358e-02		6.6471721e-03
3.3449057e+01		1.8361415e-02		2.6757526e-02		7.2074854e-03
3.3479245e+01		1.8139967e-02		2.6319080e-02		7.7617599e-03
3.3509434e+01		1.7902645e-02		2.5857462e-02		8.3094858e-03
3.3539623e+01		1.7649708e-02		2.5373132e-02		8.8501590e-03
3.3569811e+01		1.7381426e-02		2.4866572e-02		9.3832811e-03
3.3600000e+01		1.7098084e-02		2.4338281e-02		9.9083605e-03
3.3630189e+01		1.6799980e-02		2.3788780e-02		1.0424912e-02
3.3660377e+01		1.6487424e-02		2.3218606e-02		1.0932459e-02
3.3690566e+01		1.6160737e-02		2.2628314e-02		1.1430530e-02
3.3720755e+01		1.5820255e-02		2.2018476e-02		1.1918665e-02
3.3750943e+01		1.5466323e-02		2.1389682e-02		1.2396410e-02
3.3781132e+01		1.5099297e-02		2.0742537e-02		1.2863321e-02
3.3811321e+01		1.4719546e-02		2.0077662e-02		1.3318965e-02
3.3841509e+01		1.4327449e-02		1.9395693e-02		1.3762916e-02
3.3871698e+01		1.3923393e-02		1.8697281e-02		1.4194761e-02
3.3901887e+01		1.3507777e-02		1.7983089e-02		1.4614095e-02
3.3932075e+01		1.3081009e-02		1.7253794e-02		1.5020526e-02
3.3962264e+01		1.2643505e-02		1.6510087e-02		1.5413674e-02
3.3992453e+01		1.2195692e-02		1.5752669e-02		1.5793169e-02
3.4022642e+01		1.1738002e-02		1.4982253e-02		1.6158653e-02
3.4052830e+01		1.1270877e-02		1.4199561e-02		1.6509782e-02
3.4083019e+01		1.0794765e-02		1.3405327e-02		1.6846223e-02
3.4113208e+01		1.0310122e-02		1.2600294e-02		1.7167659e-02
3.4143396e+01		9.8174110e-03		1.1785213e-02		1.7473783e-02
3.4173585e+01		9.3170991e-03		1.0960841e-02		1.7764304e-02
3.4203774e+01		8.8096606e-03		1.0127944e-02		1.8038943e-02
3.4233962e+01		8.2955743e-03		9.2872955e-03		1.8297437e-02
3.4264151e+01		7.7753242e-03		8.4396721e-03		1.8539538e-02
3.4294340e+01		7.2493981e-03		7.5858568e-03		1.8765010e-02
3.4324528e+01		6.7182881e-03		6.7266365e-03		1.8973634e-02
3.4354717e+01		6.1824895e-03		5.8628018e-03		1.9165206e-02
3.4384906e+01		5.6425003e-03		4.9951460e-03		1.9339537e-02
3.4415094e+01		5.0988214e-03		4.1244643e-03		1.9496453e-02
3.4445283e+01		4.5519554e-03		3.2515535e-03		1.9635798e-02
3.4475472e+01		4.0024065e-03		2.3772109e-03		1.9757428e-02
3.4505660e+01		3.4506802e-03		1.5022338e-03		1.9861219e-02
3.4535849e+01		2.8972823e-03		6.2741868e-04		1.9947060e-02
3.4566038e+01		2.3427191e-03		-2.4643968e-04		2.0014859e-02
3.4596226e+01		1.7874963e-03		-1.1185486e-03		2.0064539e-02
3.4626415e+01		1.2321193e-03		-1.9881184e-03		2.0096038e-02
3.4656604e+01		6.7709173e-04		-2.8543631e-03		2.0109313e-02
3.4686792e+01		1.2291607e-04		-3.7165012e-03		2.0104336e-02
3.4716981e+01		-4.2990753e-04		-4.5737559e-03		2.0081097e-02
3.4747170e+01		-9.8088142e-04		-5.4253568e-03		2.0039601e-02
3.4777358e+01		-1.5295109e-03		-6.2705393e-03		1.9979871e-02
3.4807547e+01		-2.0753048e-03		-7.1085466e-03		1.9901946e-02
3.4837736e+01		-2.6177757e-03		-7.9386291e-03		1.9805881e-02
3.4867925e+01		-3.1564405e-03		-8.7600462e-03		1.9691749e-02
3.4898113e+01		-3.6908208e-03		-9.5720661e-03		1.9559639e-02
3.4928302e+01		-4.2204434e-03		-1.0373967e-02		1.9409655e-02
3.4958491e+01		-4.7448406e-03		-1.1165037e-02		1.9241919e-02
3.4988679e+01		-5.2635506e-03		-1.1944577e-02		1.9056570e-02
3.5018868e+01		-5.7761181e-03		-1.2711897e-02		1.8853762e-02
3.5049057e+01		-6.2820943e-03		-1.3466321e-02		1.8633663e-02
3.5079245e+01		-6.7810380e-03		-1.4207185e-02		1.8396461e-02
3.5109434e+01		-7.2725150e-03		-1.4933840e-02		1.8142357e-02
3.5139623e+01		-7.7560993e-03		-1.5645648e-02		1.7871568e-02
3.5169811e+01		-8.2313731e-03		-1.6341990e-02		1.7584328e-02
3.5200000e+01		-8.6979272e-03		-1.7022257e-02		1.7280883e-02
3.5230189e+01		-9.1553614e-03		-1.7685860e-02		1.6961497e-02
3.5260377e+01		-9.6032848e-03		-1.8332223e-02		1.6626447e-02
3.5290566e+01		-1.0041316e-02		-1.8960789e-02		1.6276025e-02
3.5320755e+01		-1.0469084e-02		-1.9571016e-02		1.5910538e-02
3.5350943e+01		-1.0886227e-02		-2.0162382e-02		1.5530305e-02
3.5381132e+01		-1.1292394e-02		-2.0734380e-02		1.5135662e-02
3.5411321e+01		-1.1687247e-02		-2.1286524e-02		1.4726955e-02
3.5441509e+01		-1.2070457e-02		-2.1818346e-02		1.4304544e-02
3.5471698e+01		-1.2441706e-02		-2.2329397e-02		1.3868803e-02
3.5501887e+01		-1.2800689e-02		-2.2819248e-02		1.3420118e-02
3.5532075e+01		-1.3147113e-02		-2.3287489e-02		1.2958886e-02
3.5562264e+01		-1.3480695e-02		-2.3733731e-02		1.2485517e-02
3.5592453e+01		-1.3801167e-02		-2.4157607e-02		1.2000432e-02
3.5622642e+01		-1.4108272e-02		-2.4558768e-02		1.1504062e-02
3.5652830e+01		-1.4401766e-02		-2.4936889e-02		1.0996851e-02
3.5683019e+01		-1.4681419e-02		-2.5291664e-02		1.0479251e-02
3.5713208e+01		-1.4947012e-02		-2.5622811e-02		9.9517244e-03
3.5743396e+01		-1.5198343e-02		-2.5930069e-02		9.4147437e-03
3.5773585e+01		-1.5435218e-02		-2.6213199e-02		8.8687897e-03
3.5803774e+01		-1.5657462e-02		-2.6471983e-02		8.3143521e-03
3.5833962e+01		-1.5864909e-02		-2.6706228e-02		7.7519284e-03
3.5864151e+01		-1.6057412e-02		-2.6915763e-02		7.1820242e-03
3.5894340e+01		-1.6234833e-02		-2.7100437e-02		6.6051518e-03
3.5924528e+01		-1.6397050e-02		-2.7260125e-02		6.0218307e-03
3.5954717e+01		-1.6543956e-02		-2.7394725e-02		5.4325864e-03
3.5984906e+01		-1.6675458e-02		-2.7504155e-02		4.8379504e-03
3.6015094e+01		-1.6791474e-02		-2.7588358e-02		4.2384594e-03
3.6045283e+01		-1.6891941e-02		-2.7647301e-02		3.6346549e-03
3.6075472e+01		-1.6976807e-02		-2.7680971e-02		3.0270828e-03
3.6105660e+01		-1.7046035e-02		-2.7689381e-02		2.4162931e-03
3.6135849e+01		-1.7099603e-02		-2.7672565e-02		1.8028387e-03
3.6166038e+01		-1.7137503e-02		-2.7630580e-02		1.1872757e-03
3.6196226e+01		-1.7159739e-02		-2.7563507e-02		5.7016238e-04
3.6226415e+01		-1.7166334e-02		-2.7471448e-02		-4.7940990e-05
3.6256604e+01		-1.7157319e-02		-2.7354530e-02		-6.6647294e-04
3.6286792e+01		-1.7132745e-02		-2.7212898e-02		-1.2848711e-03
3.6316981e+01		-1.7092672e-02		-2.7046724e-02		-1.9025729e-03
3.6347170e+01		-1.7037178e-02		-2.6856199e-02		-2.5190159e-03
3.6377358e+01		-1.6966351e-02		-2.6641537e-02		-3.1336382e-03
3.6407547e+01		-1.6880296e-02		-2.6402973e-02		-3.7458796e-03
3.6437736e+01		-1.6779129e-02		-2.6140764e-02		-4.3551811e-03
3.6467925e+01		-1.6662981e-02		-2.5855186e-02		-4.9609863e-03
3.6498113e+01		-1.6531996e-02		-2.5546539e-02		-5.5627415e-03
3.6528302e+01		-1.6386329e-02		-2.5215142e-02		-6.1598962e-03
3.6558491e+01		-1.6226151e-02		-2.4861332e-02		-6.7519037e-03
3.6588679e+01		-1.6051645e-02		-2.4485469e-02		-7.3382216e-03
3.6618868e+01		-1.5863004e-02		-2.4087931e-02		-7.9183124e-03
3.6649057e+01		-1.5660436e-02		-2.3669114e-02		-8.4916436e-03
3.6679245e+01		-1.5444160e-02		-2.3229436e-02		-9.0576886e-03
3.6709434e+01		-1.5214407e-02		-2.2769329e-02		-9.6159271e-03
3.6739623e+01		-1.4971421e-02		-2.2289247e-02		-1.0165846e-02
3.6769811e+01		-1.4715454e-02		-2.1789657e-02		-1.0706937e-02
3.6800000e+01		-1.4446772e-02		-2.1271047e-02		-1.1238704e-02
3.6830189e+01		-1.4165652e-02		-2.0733918e-02		-1.1760654e-02
3.6860377e+01		-1.3872379e-02		-2.0178791e-02		-1.2272307e-02
3.6890566e+01		-1.3567250e-02		-1.9606198e-02		-1.2773188e-02
3.6920755e+01		-1.3250573e-02		-1.9016690e-02		-1.3262835e-02
3.6950943e+01		-1.2922664e-02		-1.8410829e-02		-1.3740793e-02
3.6981132e+01		-1.2583849e-02		-1.7789193e-02		-1.4206620e-02
3.7011321e+01		-1.2234462e-02		-1.7152374e-02		-1.4659882e-02
3.7041509e+01		-1.1874847e-02		-1.6500975e-02		-1.5100159e-02
3.7071698e+01		-1.1505357e-02		-1.5835612e-02		-1.5527040e-02
3.7101887e+01		-1.1126351e-02		-1.5156912e-02		-1.5940126e-02
3.7132075e+01		-1.0738197e-02		-1.4465515e-02		-1.6339033e-02
3.7162264e+01		-1.0341271e-02		-1.3762070e-02		-1.6723388e-02
3.7192453e+01		-9.9359545e-03		-1.3047236e-02		-1.7092829e-02
3.7222642e+01		-9.5226363e-03		-1.2321681e-02		-1.7447010e-02
3.7252830e+01		-9.1017116e-03		-1.1586082e-02		-1.7785598e-02
3.7283019e+01		-8.6735813e-03		-1.0841126e-02		-1.8108274e-02
3.7313208e+01		-8.2386519e-03		-1.0087503e-02		-1.8414732e-02
3.7343396e+01		-7.7973351e-03		-9.3259132e-03		-1.8704683e-02
3.7373585e+01		-7.3500472e-03		-8.5570623e-03		-1.8977850e-02
3.7403774e+01		-6.8972090e-03		-7.7816608e-03		-1.9233974e-02
3.7433962e+01		-6.4392451e-03		-7.0004244e-03		-1.9472808e-02
3.7464151e+01		-5.9765838e-03		-6.2140728e-03		-1.9694124e-02
3.7494340e+01		-5.5096565e-03		-5.4233291e-03		-1.9897708e-02
3.7524528e+01		-5.0388976e-03		-4.6289196e-03		-2.0083361e-02
3.7554717e+01		-4.5647436e-03		-3.8315724e-03		-2.0250903e-02
3.7584906e+01		-4.0876331e-03		-3.0320171e-03		-2.0400167e-02
3.7615094e+01		-3.6080063e-03		-2.2309845e-03		-2.0531006e-02
3.7645283e+01		-3.1263046e-03		-1.4292052e-03		-2.0643288e-02
3.7675472e+01		-2.6429701e-03		-6.2740935e-04		-2.0736896e-02
3.7705660e+01		-2.1584453e-03		1.7367386e-04		-2.0811733e-02
3.7735849e+01		-1.6731727e-03		9.7331719e-04		-2.0867718e-02
3.7766038e+01		-1.1875943e-03		1.7707959e-03		-2.0904787e-02
3.7796226e+01		-7.0215132e-04		2.5653882e-03		-2.0922892e-02
3.7826415e+01		-2.1728381e-04		3.3563762e-03		-2.0922004e-02
3.7856604e+01		2.6656987e-04		4.1430466e-03		-2.0902111e-02
3.7886792e+01		7.4897335e-04		4.9246908e-03		-2.0863217e-02
3.7916981e+01		1.2294927e-03		5.7006061e-03		-2.0805344e-02
3.7947170e+01		1.7076966e-03		6.4700961e-03		-2.0728533e-02
3.7977358e+01		2.1831573e-03		7.2324713e-03		-2.0632839e-02
3.8007547e+01		2.6554501e-03		7.9870498e-03		-2.0518338e-02
3.8037736e+01		3.1241545e-03		8.7331579e-03		-2.0385119e-02
3.8067925e+01		3.5888544e-03		9.4701305e-03		-2.0233292e-02
3.8098113e+01		4.0491381e-03		1.0197312e-02		-2.0062982e-02
3.8128302e+01		4.5045992e-03		1.0914057e-02		-1.9874331e-02
3.8158491e+01		4.9548363e-03		1.1619729e-02		-1.9667498e-02
3.8188679e+01		5.3994541e-03		1.2313705e-02		-1.9442659e-02
3.8218868e+01		5.8380631e-03		1.2995373e-02		-1.9200006e-02
3.8249057e+01		6.2702805e-03		1.3664131e-02		-1.8939748e-02
3.8279245e+01		6.6957300e-03		1.4319393e-02		-1.8662110e-02
3.8309434e+01		7.1140424e-03		1.4960583e-02		-1.8367332e-02
3.8339623e+01		7.5248559e-03		1.5587140e-02		-1.8055671e-02
3.8369811e+01		7.9278164e-03		1.6198519e-02		-1.7727399e-02
3.8400000e+01		8.3225779e-03		1.6794186e-02		-1.7382803e-02
3.8430189e+01		8.7088024e-03		1.7373625e-02		-1.7022187e-02
3.8460377e+01		9.0861608e-03		1.7936334e-02		-1.6645867e-02
3.8490566e+01		9.4543326e-03		1.8481829e-02		-1.6254175e-02
3.8520755e+01		9.8130065e-03		1.9009639e-02		-1.5847458e-02
3.8550943e+01		1.0161881e-02		1.9519313e-02		-1.5426074e-02
3.8581132e+01		1.0500663e-02		2.0010416e-02		-1.4990398e-02
3.8611321e+01		1.0829070e-02		2.0482530e-02		-1.4540817e-02
3.8641509e+01		1.1146830e-02		2.0935255e-02		-1.4077729e-02
3.8671698e+01		1.1453682e-02		2.1368210e-02		-1.3601549e-02
3.8701887e+01		1.1749373e-02		2.1781033e-02		-1.3112699e-02
3.8732075e+01		1.2033663e-02		2.2173378e-02		-1.2611617e-02
3.8762264e+01		1.2306322e-02		2.2544922e-02		-1.2098750e-02
3.8792453e+01		1.2567131e-02		2.2895359e-02		-1.1574556e-02
3.8822642e+01		1.2815882e-02		2.3224402e-02		-1.1039506e-02
3.8852830e+01		1.3052380e-02		2.3531787e-02		-1.0494079e-02
3.8883019e+01		1.3276441e-02		2.3817267e-02		-9.9387647e-03
3.8913208e+01		1.3487891e-02		2.4080616e-02		-9.3740609e-03
3.8943396e+01		1.3686569e-02		2.4321630e-02		-8.8004756e-03
3.8973585e+01		1.3872327e-02		2.4540123e-02		-8.2185249e-03
3.9003774e+01		1.4045028e-02		2.4735933e-02		-7.6287327e-03
3.9033962e+01		1.4204546e-02		2.4908915e-02		-7.0316304e-03
3.9064151e+01		1.4350771e-02		2.5058949e-02		-6.4277564e-03
3.9094340e+01		1.4483600e-02		2.5185932e-02		-5.8176556e-03
3.9124528e+01		1.4602948e-02		2.5289786e-02		-5.2018791e-03
3.9154717e+01		1.4708738e-02		2.5370451e-02		-4.5809834e-03
3.9184906e+01		1.4800908e-02		2.5427890e-02		-3.9555298e-03
3.9215094e+01		1.4879406e-02		2.5462086e-02		-3.3260846e-03
3.9245283e+01		1.4944196e-02		2.5473044e-02		-2.6932176e-03
3.9275472e+01		1.4995253e-02		2.5460790e-02		-2.0575024e-03
3.9305660e+01		1.5032562e-02		2.5425370e-02		-1.4195154e-03
3.9335849e+01		1.5056124e-02		2.5366853e-02		-7.7983559e-04
3.9366038e+01		1.5065952e-02		2.5285326e-02		-1.3904371e-04
3.9396226e+01		1.5062069e-02		2.5180900e-02		5.0227804e-04
3.9426415e+01		1.5044512e-02		2.5053705e-02		1.1435466e-03
3.9456604e+01		1.5013331e-02		2.4903890e-02		1.7841787e-03
3.9486792e+01		1.4968587e-02		2.4731628e-02		2.4235911e-03
3.9516981e+01		1.4910354e-02		2.4537108e-02		3.0612014e-03
3.9547170e+01		1.4838717e-02		2.4320542e-02		3.6964286e-03
3.9577358e+01		1.4753773e-02		2.4082160e-02		4.3286932e-03
3.9607547e+01		1.4655633e-02		2.3822212e-02		4.9574183e-03
3.9637736e+01		1.4544417e-02		2.3540968e-02		5.5820299e-03
3.9667925e+01		1.4420258e-02		2.3238716e-02		6.2019571e-03
3.9698113e+01		1.4283300e-02		2.2915763e-02		6.8166331e-03
3.9728302e+01		1.4133698e-02		2.2572433e-02		7.4254956e-03
3.9758491e+01		1.3971618e-02		2.2209071e-02		8.0279871e-03
3.9788679e+01		1.3797238e-02		2.1826036e-02		8.6235557e-03
3.9818868e+01		1.3610746e-02		2.1423708e-02		9.2116553e-03
3.9849057e+01		1.3412340e-02		2.1002480e-02		9.7917463e-03
3.9879245e+01		1.3202229e-02		2.0562766e-02		1.0363296e-02
3.9909434e+01		1.2980632e-02		2.0104992e-02		1.0925780e-02
3.9939623e+01		1.2747778e-02		1.9629603e-02		1.1478680e-02
3.9969811e+01		1.2503905e-02		1.9137057e-02		1.2021488e-02
4.0000000e+01		1.2249261e-02		1.8627829e-02		0.0000000e+00
