0.0000000e+00		1.0000000e+00		1.0000000e+00		0.0000000e+00
6.6666667e-02		9.9925981e-01		9.9925942e-01		4.3804876e-07
1.3333333e-01		9.9704317e-01		9.9703967e-01		3.4973965e-06
2.0000000e-01		9.9335795e-01		9.9334665e-01		1.1769699e-05
2.6666667e-01		9.8821590e-01		9.8819022e-01		2.7793429e-05
3.3333333e-01		9.8163260e-01		9.8158409e-01		5.4031345e-05
4.0000000e-01		9.7362743e-01		9.7354586e-01		9.2848552e-05
4.6666667e-01		9.6422349e-01		9.6409689e-01		1.4649127e-04
5.3333333e-01		9.5344751e-01		9.5326228e-01		2.1706650e-04
6.0000000e-01		9.4132976e-01		9.4107079e-01		3.0652264e-04
6.6666667e-01		9.2790396e-01		9.2755470e-01		4.1663127e-04
7.3333333e-01		9.1320715e-01		9.1274978e-01		5.4897018e-04
8.0000000e-01		8.9727959e-01		8.9669511e-01		7.0490772e-04
8.6666667e-01		8.8016460e-01		8.7943301e-01		8.8558869e-04
9.3333333e-01		8.6190844e-01		8.6100885e-01		1.0919217e-03
1.0000000e+00		8.4256015e-01		8.4147098e-01		1.3245683e-03
1.0666667e+00		8.2217139e-01		8.2087052e-01		1.5839336e-03
1.1333333e+00		8.0079628e-01		7.9926120e-01		1.8701590e-03
1.2000000e+00		7.7849121e-01		7.7669924e-01		2.1831165e-03
1.2666667e+00		7.5531469e-01		7.5324312e-01		2.5224050e-03
1.3333333e+00		7.3132713e-01		7.2895343e-01		2.8873486e-03
1.4000000e+00		7.0659068e-01		7.0389266e-01		3.2769964e-03
1.4666667e+00		6.8116902e-01		6.7812505e-01		3.6901251e-03
1.5333333e+00		6.5512716e-01		6.5171631e-01		4.1252425e-03
1.6000000e+00		6.2853124e-01		6.2473350e-01		4.5805938e-03
1.6666667e+00		6.0144832e-01		5.9724477e-01		5.0541691e-03
1.7333333e+00		5.7394621e-01		5.6931918e-01		5.5437134e-03
1.8000000e+00		5.4609320e-01		5.4102646e-01		6.0467379e-03
1.8666667e+00		5.1795790e-01		5.1243682e-01		6.5605332e-03
1.9333333e+00		4.8960902e-01		4.8362074e-01		7.0821844e-03
2.0000000e+00		4.6111516e-01		4.5464871e-01		7.6085871e-03
2.0666667e+00		4.3254461e-01		4.2559110e-01		8.1364661e-03
2.1333333e+00		4.0396516e-01		3.9651786e-01		8.6623940e-03
2.2000000e+00		3.7544387e-01		3.6749837e-01		9.1828122e-03
2.2666667e+00		3.4704690e-01		3.3860120e-01		9.6940530e-03
2.3333333e+00		3.1883932e-01		3.0989395e-01		1.0192362e-02
2.4000000e+00		2.9088491e-01		2.8144299e-01		1.0673921e-02
2.4666667e+00		2.6324599e-01		2.5331332e-01		1.1134874e-02
2.5333333e+00		2.3598323e-01		2.2556836e-01		1.1571353e-02
2.6000000e+00		2.0915552e-01		1.9826976e-01		1.1979501e-02
2.6666667e+00		1.8281976e-01		1.7147723e-01		1.2355499e-02
2.7333333e+00		1.5703076e-01		1.4524841e-01		1.2695591e-02
2.8000000e+00		1.3184104e-01		1.1963863e-01		1.2996115e-02
2.8666667e+00		1.0730073e-01		9.4700827e-02		1.3253521e-02
2.9333333e+00		8.3457443e-02		7.0485391e-02		1.3464402e-02
3.0000000e+00		6.0356143e-02		4.7040003e-02		1.3625520e-02
3.0666667e+00		3.8039043e-02		2.4409533e-02		1.3733825e-02
3.1333333e+00		1.6545503e-02		2.6359233e-03		1.3786482e-02
3.2000000e+00		-4.0880532e-03		-1.8241920e-02		1.3780896e-02
3.2666667e+00		-2.3828217e-02		-3.8188215e-02		1.3714730e-02
3.3333333e+00		-4.2644666e-02		-5.7170389e-02		1.3585925e-02
3.4000000e+00		-6.0510216e-02		-7.5159148e-02		1.3392724e-02
3.4666667e+00		-7.7400869e-02		-9.2128536e-02		1.3133682e-02
3.5333333e+00		-9.3295850e-02		-1.0805598e-01		1.2807691e-02
3.6000000e+00		-1.0817763e-01		-1.2292235e-01		1.2413986e-02
3.6666667e+00		-1.2203193e-01		-1.3671192e-01		1.1952164e-02
3.7333333e+00		-1.3484774e-01		-1.4941248e-01		1.1422188e-02
3.8000000e+00		-1.4661731e-01		-1.6101523e-01		1.0824403e-02
3.8666667e+00		-1.5733612e-01		-1.7151487e-01		1.0159537e-02
3.9333333e+00		-1.6700283e-01		-1.8090950e-01		9.4287065e-03
4.0000000e+00		-1.7561930e-01		-1.8920062e-01		8.6334206e-03
4.0666667e+00		-1.8319049e-01		-1.9639311e-01		7.7755791e-03
4.1333333e+00		-1.8972442e-01		-2.0249511e-01		6.8574711e-03
4.2000000e+00		-1.9523210e-01		-2.0751804e-01		5.8817704e-03
4.2666667e+00		-1.9972743e-01		-2.1147645e-01		4.8515286e-03
4.3333333e+00		-2.0322717e-01		-2.1438796e-01		3.7701663e-03
4.4000000e+00		-2.0575078e-01		-2.1627320e-01		2.6414620e-03
4.4666667e+00		-2.0732035e-01		-2.1715564e-01		1.4695383e-03
4.5333333e+00		-2.0796049e-01		-2.1706154e-01		2.5884695e-04
4.6000000e+00		-2.0769820e-01		-2.1601978e-01		-9.8584897e-04
4.6666667e+00		-2.0656278e-01		-2.1406177e-01		-2.2594947e-03
4.7333333e+00		-2.0458564e-01		-2.1122127e-01		-3.5567650e-03
4.8000000e+00		-2.0180020e-01		-2.0753429e-01		-4.8720877e-03
4.8666667e+00		-1.9824177e-01		-2.0303893e-01		-6.1996688e-03
4.9333333e+00		-1.9394736e-01		-1.9777519e-01		-7.5335183e-03
5.0000000e+00		-1.8895557e-01		-1.9178485e-01		-8.8674794e-03
5.0666667e+00		-1.8330639e-01		-1.8511131e-01		-1.0195257e-02
5.1333333e+00		-1.7704110e-01		-1.7779938e-01		-1.1510448e-02
5.2000000e+00		-1.7020207e-01		-1.6989513e-01		-1.2806575e-02
5.2666667e+00		-1.6283262e-01		-1.6144573e-01		-1.4077116e-02
5.3333333e+00		-1.5497686e-01		-1.5249926e-01		-1.5315539e-02
5.4000000e+00		-1.4667951e-01		-1.4310453e-01		-1.6515335e-02
5.4666667e+00		-1.3798577e-01		-1.3331092e-01		-1.7670054e-02
5.5333333e+00		-1.2894113e-01		-1.2316815e-01		-1.8773338e-02
5.6000000e+00		-1.1959122e-01		-1.1272619e-01		-1.9818953e-02
5.6666667e+00		-1.0998167e-01		-1.0203498e-01		-2.0800828e-02
5.7333333e+00		-1.0015792e-01		-9.1144365e-02		-2.1713086e-02
5.8000000e+00		-9.0165106e-02		-8.0103824e-02		-2.2550074e-02
5.8666667e+00		-8.0047870e-02		-6.8962363e-02		-2.3306405e-02
5.9333333e+00		-6.9850252e-02		-5.7768329e-02		-2.3976977e-02
6.0000000e+00		-5.9615527e-02		-4.6569250e-02		-2.4557015e-02
6.0666667e+00		-4.9386073e-02		-3.5411680e-02		-2.5042094e-02
6.1333333e+00		-3.9203241e-02		-2.4341049e-02		-2.5428168e-02
6.2000000e+00		-2.9107229e-02		-1.3401517e-02		-2.5711595e-02
6.2666667e+00		-1.9136960e-02		-2.6358334e-03		-2.5889167e-02
6.3333333e+00		-9.3299681e-03		7.9147910e-03		-2.5958127e-02
6.4000000e+00		2.7770570e-04		1.8210813e-02		-2.5916191e-02
6.4666667e+00		9.6516168e-03		2.8214473e-02		-2.5761568e-02
6.5333333e+00		1.8759009e-02		3.7889905e-02		-2.5492976e-02
6.6000000e+00		2.7568900e-02		4.7203237e-02		-2.5109656e-02
6.6666667e+00		3.6052161e-02		5.6122685e-02		-2.4611382e-02
6.7333333e+00		4.4181583e-02		6.4618636e-02		-2.3998472e-02
6.8000000e+00		5.1931945e-02		7.2663728e-02		-2.3271792e-02
6.8666667e+00		5.9280064e-02		8.0232908e-02		-2.2432763e-02
6.9333333e+00		6.6204841e-02		8.7303496e-02		-2.1483358e-02
7.0000000e+00		7.2687300e-02		9.3855228e-02		-2.0426103e-02
7.0666667e+00		7.8710618e-02		9.9870297e-02		-1.9264073e-02
7.1333333e+00		8.4260146e-02		1.0533338e-01		-1.8000880e-02
7.2000000e+00		8.9323418e-02		1.1023165e-01		-1.6640669e-02
7.2666667e+00		9.3890162e-02		1.1455480e-01		-1.5188100e-02
7.3333333e+00		9.7952294e-02		1.1829503e-01		-1.3648335e-02
7.4000000e+00		1.0150390e-01		1.2144704e-01		-1.2027020e-02
7.4666667e+00		1.0454124e-01		1.2400802e-01		-1.0330262e-02
7.5333333e+00		1.0706268e-01		1.2597760e-01		-8.5646067e-03
7.6000000e+00		1.0906870e-01		1.2735785e-01		-6.7370141e-03
7.6666667e+00		1.1056182e-01		1.2815319e-01		-4.8548279e-03
7.7333333e+00		1.1154658e-01		1.2837036e-01		-2.9257465e-03
7.8000000e+00		1.1202948e-01		1.2801838e-01		-9.5779049e-04
7.8666667e+00		1.1201887e-01		1.2710842e-01		1.0407322e-03
7.9333333e+00		1.1152496e-01		1.2565378e-01		3.0612619e-03
8.0000000e+00		1.1055968e-01		1.2366978e-01		5.0950255e-03
8.0666667e+00		1.0913666e-01		1.2117368e-01		7.1330753e-03
8.1333333e+00		1.0727109e-01		1.1818456e-01		9.1663297e-03
8.2000000e+00		1.0497967e-01		1.1472324e-01		1.1185614e-02
8.2666667e+00		1.0228048e-01		1.1081217e-01		1.3181706e-02
8.3333333e+00		9.9192953e-02		1.0647529e-01		1.5145372e-02
8.4000000e+00		9.5737684e-02		1.0173797e-01		1.7067421e-02
8.4666667e+00		9.1936396e-02		9.6626799e-02		1.8938738e-02
8.5333333e+00		8.7811806e-02		9.1169555e-02		2.0750334e-02
8.6000000e+00		8.3387522e-02		8.5395011e-02		2.2493390e-02
8.6666667e+00		7.8687933e-02		7.9332833e-02		2.4159297e-02
8.7333333e+00		7.3738099e-02		7.3013437e-02		2.5739702e-02
8.8000000e+00		6.8563640e-02		6.6467863e-02		2.7226547e-02
8.8666667e+00		6.3190624e-02		5.9727636e-02		2.8612115e-02
8.9333333e+00		5.7645455e-02		5.2824631e-02		2.9889063e-02
9.0000000e+00		5.1954760e-02		4.5790943e-02		3.1050467e-02
9.0666667e+00		4.6145282e-02		3.8658747e-02		3.2089853e-02
9.1333333e+00		4.0243768e-02		3.1460171e-02		3.3001237e-02
9.2000000e+00		3.4276863e-02		2.4227165e-02		3.3779156e-02
9.2666667e+00		2.8271005e-02		1.6991368e-02		3.4418695e-02
9.3333333e+00		2.2252321e-02		9.7839895e-03		3.4915524e-02
9.4000000e+00		1.6246526e-02		2.6356836e-03		3.5265915e-02
9.4666667e+00		1.0278832e-02		-4.4235694e-03		3.5466771e-02
9.5333333e+00		4.3738471e-03		-1.1364576e-02		3.5515644e-02
9.6000000e+00		-1.4445089e-03		-1.8159040e-02		3.5410755e-02
9.6666667e+00		-7.1530913e-03		-2.4779666e-02		3.5151005e-02
9.7333333e+00		-1.2729612e-02		-3.1200262e-02		3.4735991e-02
9.8000000e+00		-1.8152713e-02		-3.7395830e-02		3.4166010e-02
9.8666667e+00		-2.3402043e-02		-4.3342653e-02		3.3442067e-02
9.9333333e+00		-2.8458317e-02		-4.9018384e-02		3.2565877e-02
1.0000000e+01		-3.3303384e-02		-5.4402111e-02		3.1539863e-02
1.0066667e+01		-3.7920276e-02		-5.9474434e-02		3.0367148e-02
1.0133333e+01		-4.2293263e-02		-6.4217520e-02		2.9051552e-02
1.0200000e+01		-4.6407896e-02		-6.8615165e-02		2.7597579e-02
1.0266667e+01		-5.0251043e-02		-7.2652834e-02		2.6010399e-02
1.0333333e+01		-5.3810923e-02		-7.6317705e-02		2.4295835e-02
1.0400000e+01		-5.7077136e-02		-7.9598699e-02		2.2460336e-02
1.0466667e+01		-6.0040676e-02		-8.2486509e-02		2.0510960e-02
1.0533333e+01		-6.2693955e-02		-8.4973612e-02		1.8455340e-02
1.0600000e+01		-6.5030804e-02		-8.7054285e-02		1.6301655e-02
1.0666667e+01		-6.7046480e-02		-8.8724602e-02		1.4058602e-02
1.0733333e+01		-6.8737662e-02		-8.9982433e-02		1.1735352e-02
1.0800000e+01		-7.0102443e-02		-9.0827429e-02		9.3415203e-03
1.0866667e+01		-7.1140316e-02		-9.1261004e-02		6.8871191e-03
1.0933333e+01		-7.1852153e-02		-9.1286310e-02		4.3825184e-03
1.1000000e+01		-7.2240182e-02		-9.0908201e-02		1.8384005e-03
1.1066667e+01		-7.2307955e-02		-9.0133193e-02		-7.3428703e-04
1.1133333e+01		-7.2060314e-02		-8.8969421e-02		-3.3243787e-03
1.1200000e+01		-7.1503353e-02		-8.7426583e-02		-5.9205412e-03
1.1266667e+01		-7.0644369e-02		-8.5515883e-02		-8.5113234e-03
1.1333333e+01		-6.9491818e-02		-8.3249967e-02		-1.1085208e-02
1.1400000e+01		-6.8055263e-02		-8.0642853e-02		-1.3630666e-02
1.1466667e+01		-6.6345312e-02		-7.7709858e-02		-1.6136202e-02
1.1533333e+01		-6.4373564e-02		-7.4467516e-02		-1.8590419e-02
1.1600000e+01		-6.2152545e-02		-7.0933500e-02		-2.0982058e-02
1.1666667e+01		-5.9695638e-02		-6.7126530e-02		-2.3300061e-02
1.1733333e+01		-5.7017021e-02		-6.3066286e-02		-2.5533617e-02
1.1800000e+01		-5.4131592e-02		-5.8773312e-02		-2.7672214e-02
1.1866667e+01		-5.1054895e-02		-5.4268924e-02		-2.9705691e-02
1.1933333e+01		-4.7803053e-02		-4.9575104e-02		-3.1624286e-02
1.2000000e+01		-4.4392683e-02		-4.4714410e-02		-3.3418680e-02
1.2066667e+01		-4.0840828e-02		-3.9709865e-02		-3.5080048e-02
1.2133333e+01		-3.7164872e-02		-3.4584862e-02		-3.6600100e-02
1.2200000e+01		-3.3382469e-02		-2.9363056e-02		-3.7971119e-02
1.2266667e+01		-2.9511462e-02		-2.4068263e-02		-3.9186006e-02
1.2333333e+01		-2.5569806e-02		-1.8724359e-02		-4.0238313e-02
1.2400000e+01		-2.1575491e-02		-1.3355175e-02		-4.1122277e-02
1.2466667e+01		-1.7546469e-02		-7.9843989e-03		-4.1832850e-02
1.2533333e+01		-1.3500575e-02		-2.6354738e-03		-4.2365729e-02
1.2600000e+01		-9.4554582e-03		2.6684958e-03		-4.2717376e-02
1.2666667e+01		-5.4285083e-03		7.9048410e-03		-4.2885046e-02
1.2733333e+01		-1.4367863e-03		1.3051420e-02		-4.2866795e-02
1.2800000e+01		2.5030415e-03		1.8086705e-02		-4.2661503e-02
1.2866667e+01		6.3747683e-03		2.2989872e-02		-4.2268879e-02
1.2933333e+01		1.0162708e-02		2.7740878e-02		-4.1689468e-02
1.3000000e+01		1.3851756e-02		3.2320541e-02		-4.0924655e-02
1.3066667e+01		1.7427440e-02		3.6710612e-02		-3.9976663e-02
1.3133333e+01		2.0875977e-02		4.0893843e-02		-3.8848547e-02
1.3200000e+01		2.4184318e-02		4.4854054e-02		-3.7544188e-02
1.3266667e+01		2.7340197e-02		4.8576188e-02		-3.6068278e-02
1.3333333e+01		3.0332165e-02		5.2046365e-02		-3.4426305e-02
1.3400000e+01		3.3149636e-02		5.5251932e-02		-3.2624529e-02
1.3466667e+01		3.5782911e-02		5.8181503e-02		-3.0669963e-02
1.3533333e+01		3.8223213e-02		6.0824995e-02		-2.8570346e-02
1.3600000e+01		4.0462710e-02		6.3173663e-02		-2.6334105e-02
1.3666667e+01		4.2494532e-02		6.5220118e-02		-2.3970330e-02
1.3733333e+01		4.4312792e-02		6.6958351e-02		-2.1488729e-02
1.3800000e+01		4.5912595e-02		6.8383744e-02		-1.8899594e-02
1.3866667e+01		4.7290044e-02		6.9493077e-02		-1.6213751e-02
1.3933333e+01		4.8442246e-02		7.0284528e-02		-1.3442522e-02
1.4000000e+01		4.9367309e-02		7.0757668e-02		-1.0597669e-02
1.4066667e+01		5.0064338e-02		7.0913452e-02		-7.6913467e-03
1.4133333e+01		5.0533424e-02		7.0754197e-02		-4.7360519e-03
1.4200000e+01		5.0775631e-02		7.0283567e-02		-1.7445652e-03
1.4266667e+01		5.0792980e-02		6.9506539e-02		1.2701035e-03
1.4333333e+01		5.0588427e-02		6.8429372e-02		4.2947723e-03
1.4400000e+01		5.0165837e-02		6.7059568e-02		7.3161458e-03
1.4466667e+01		4.9529957e-02		6.5405830e-02		1.0320875e-02
1.4533333e+01		4.8686385e-02		6.3478011e-02		1.3295616e-02
1.4600000e+01		4.7641534e-02		6.1287067e-02		1.6227092e-02
1.4666667e+01		4.6402595e-02		5.8844991e-02		1.9102151e-02
1.4733333e+01		4.4977494e-02		5.6164762e-02		2.1907827e-02
1.4800000e+01		4.3374855e-02		5.3260275e-02		2.4631399e-02
1.4866667e+01		4.1603946e-02		5.0146273e-02		2.7260450e-02
1.4933333e+01		3.9674639e-02		4.6838280e-02		2.9782924e-02
1.5000000e+01		3.7597355e-02		4.3352523e-02		3.2187180e-02
1.5066667e+01		3.5383015e-02		3.9705859e-02		3.4462048e-02
1.5133333e+01		3.3042988e-02		3.5915696e-02		3.6596882e-02
1.5200000e+01		3.0589036e-02		3.1999914e-02		3.8581611e-02
1.5266667e+01		2.8033257e-02		2.7976782e-02		4.0406782e-02
1.5333333e+01		2.5388033e-02		2.3864880e-02		4.2063610e-02
1.5400000e+01		2.2665972e-02		1.9683010e-02		4.3544020e-02
1.5466667e+01		1.9879851e-02		1.5450121e-02		4.4840685e-02
1.5533333e+01		1.7042558e-02		1.1185218e-02		4.5947063e-02
1.5600000e+01		1.4167042e-02		6.9072854e-03		4.6857427e-02
1.5666667e+01		1.1266248e-02		2.6352041e-03		4.7566899e-02
1.5733333e+01		8.3530705e-03		-1.6123312e-03		4.8071474e-02
1.5800000e+01		5.4402923e-03		-5.8168893e-03		4.8368039e-02
1.5866667e+01		2.5405358e-03		-9.9603802e-03		4.8454393e-02
1.5933333e+01		-3.3379064e-04		-1.4025131e-02		4.8329262e-02
1.6000000e+01		-3.1705427e-03		-1.7993957e-02		4.7992304e-02
1.6066667e+01		-5.9578888e-03		-2.1850236e-02		4.7444121e-02
1.6133333e+01		-8.6843565e-03		-2.5577969e-02		4.6686254e-02
1.6200000e+01		-1.1338877e-02		-2.9161851e-02		4.5721183e-02
1.6266667e+01		-1.3910829e-02		-3.2587328e-02		4.4552319e-02
1.6333333e+01		-1.6390076e-02		-3.5840654e-02		4.3183992e-02
1.6400000e+01		-1.8767005e-02		-3.8908944e-02		4.1621437e-02
1.6466667e+01		-2.1032562e-02		-4.1780225e-02		3.9870773e-02
1.6533333e+01		-2.3178284e-02		-4.4443478e-02		3.7938978e-02
1.6600000e+01		-2.5196325e-02		-4.6888679e-02		3.5833861e-02
1.6666667e+01		-2.7079488e-02		-4.9106835e-02		3.3564033e-02
1.6733333e+01		-2.8821241e-02		-5.1090014e-02		3.1138870e-02
1.6800000e+01		-3.0415743e-02		-5.2831371e-02		2.8568472e-02
1.6866667e+01		-3.1857856e-02		-5.4325171e-02		2.5863623e-02
1.6933333e+01		-3.3143163e-02		-5.5566804e-02		2.3035744e-02
1.7000000e+01		-3.4267975e-02		-5.6552794e-02		2.0096845e-02
1.7066667e+01		-3.5229341e-02		-5.7280809e-02		1.7059473e-02
1.7133333e+01		-3.6025047e-02		-5.7749663e-02		1.3936659e-02
1.7200000e+01		-3.6653623e-02		-5.7959306e-02		1.0741859e-02
1.7266667e+01		-3.7114338e-02		-5.7910823e-02		7.4888959e-03
1.7333333e+01		-3.7407191e-02		-5.7606417e-02		4.1919021e-03
1.7400000e+01		-3.7532908e-02		-5.7049390e-02		8.6525378e-04
1.7466667e+01		-3.7492927e-02		-5.6244123e-02		-2.4764910e-03
1.7533333e+01		-3.7289386e-02		-5.5196049e-02		-5.8186569e-03
1.7600000e+01		-3.6925102e-02		-5.3911619e-02		-9.1465163e-03
1.7666667e+01		-3.6403553e-02		-5.2398268e-02		-1.2445355e-02
1.7733333e+01		-3.5728859e-02		-5.0664376e-02		-1.5700539e-02
1.7800000e+01		-3.4905749e-02		-4.8719224e-02		-1.8897577e-02
1.7866667e+01		-3.3939541e-02		-4.6572945e-02		-2.2022191e-02
1.7933333e+01		-3.2836110e-02		-4.4236479e-02		-2.5060374e-02
1.8000000e+01		-3.1601852e-02		-4.1721514e-02		-2.7998461e-02
1.8066667e+01		-3.0243660e-02		-3.9040433e-02		-3.0823182e-02
1.8133333e+01		-2.8768878e-02		-3.6206255e-02		-3.3521732e-02
1.8200000e+01		-2.7185273e-02		-3.3232573e-02		-3.6081824e-02
1.8266667e+01		-2.5500991e-02		-3.0133489e-02		-3.8491744e-02
1.8333333e+01		-2.3724523e-02		-2.6923554e-02		-4.0740411e-02
1.8400000e+01		-2.1864657e-02		-2.3617697e-02		-4.2817423e-02
1.8466667e+01		-1.9930446e-02		-2.0231159e-02		-4.4713108e-02
1.8533333e+01		-1.7931158e-02		-1.6779425e-02		-4.6418569e-02
1.8600000e+01		-1.5876239e-02		-1.3278154e-02		-4.7925725e-02
1.8666667e+01		-1.3775268e-02		-9.7431106e-03		-4.9227352e-02
1.8733333e+01		-1.1637914e-02		-6.1900951e-03		-5.0317112e-02
1.8800000e+01		-9.4738972e-03		-2.6348745e-03		-5.1189593e-02
1.8866667e+01		-7.2929399e-03		9.0688570e-04		-5.1840326e-02
1.8933333e+01		-5.1047304e-03		4.4196890e-03		-5.2265815e-02
1.9000000e+01		-2.9188791e-03		7.8882742e-03		-5.2463550e-02
1.9066667e+01		-7.4487858e-04		1.1297680e-02		-5.2432025e-02
1.9133333e+01		1.4079360e-03		1.4633309e-02		-5.2170746e-02
1.9200000e+01		3.5304257e-03		1.7880986e-02		-5.1680235e-02
1.9266667e+01		5.6136843e-03		2.1027021e-02		-5.0962031e-02
1.9333333e+01		7.6490750e-03		2.4058263e-02		-5.0018686e-02
1.9400000e+01		9.6282638e-03		2.6962153e-02		-4.8853759e-02
1.9466667e+01		1.1543253e-02		2.9726776e-02		-4.7471795e-02
1.9533333e+01		1.3386410e-02		3.2340908e-02		-4.5878318e-02
1.9600000e+01		1.5150501e-02		3.4794062e-02		-4.4079800e-02
1.9666667e+01		1.6828711e-02		3.7076526e-02		-4.2083639e-02
1.9733333e+01		1.8414673e-02		3.9179400e-02		-3.9898127e-02
1.9800000e+01		1.9902491e-02		4.1094633e-02		-3.7532418e-02
1.9866667e+01		2.1286759e-02		4.2815050e-02		-3.4996483e-02
1.9933333e+01		2.2562577e-02		4.4334377e-02		-3.2301075e-02
2.0000000e+01		2.3725571e-02		4.5647263e-02		-2.9457679e-02
2.0066667e+01		2.4771903e-02		4.6749297e-02		-2.6478464e-02
2.0133333e+01		2.5698282e-02		4.7637023e-02		-2.3376228e-02
2.0200000e+01		2.6501975e-02		4.8307946e-02		-2.0164345e-02
2.0266667e+01		2.7180809e-02		4.8760539e-02		-1.6856708e-02
2.0333333e+01		2.7733178e-02		4.8994241e-02		-1.3467666e-02
2.0400000e+01		2.8158039e-02		4.9009456e-02		-1.0011959e-02
2.0466667e+01		2.8454916e-02		4.8807541e-02		-6.5046596e-03
2.0533333e+01		2.8623895e-02		4.8390800e-02		-2.9611017e-03
2.0600000e+01		2.8665612e-02		4.7762461e-02		6.0318566e-04
2.0666667e+01		2.8581253e-02		4.6926661e-02		4.1725469e-03
2.0733333e+01		2.8372535e-02		4.5888421e-02		7.7312693e-03
2.0800000e+01		2.8041700e-02		4.4653617e-02		1.1263653e-02
2.0866667e+01		2.7591494e-02		4.3228950e-02		1.4754080e-02
2.0933333e+01		2.7025153e-02		4.1621911e-02		1.8187086e-02
2.1000000e+01		2.6346384e-02		3.9840745e-02		2.1547425e-02
2.1066667e+01		2.5559342e-02		3.7894407e-02		2.4820145e-02
2.1133333e+01		2.4668609e-02		3.5792524e-02		2.7990647e-02
2.1200000e+01		2.3679168e-02		3.3545341e-02		3.1044756e-02
2.1266667e+01		2.2596379e-02		3.1163678e-02		3.3968782e-02
2.1333333e+01		2.1425954e-02		2.8658880e-02		3.6749584e-02
2.1400000e+01		2.0173921e-02		2.6042760e-02		3.9374629e-02
2.1466667e+01		1.8846604e-02		2.3327544e-02		4.1832047e-02
2.1533333e+01		1.7450586e-02		2.0525823e-02		4.4110688e-02
2.1600000e+01		1.5992679e-02		1.7650486e-02		4.6200171e-02
2.1666667e+01		1.4479896e-02		1.4714666e-02		4.8090930e-02
2.1733333e+01		1.2919413e-02		1.1731685e-02		4.9774265e-02
2.1800000e+01		1.1318540e-02		8.7149851e-03		5.1242373e-02
2.1866667e+01		9.6846868e-03		5.6780793e-03		5.2488390e-02
2.1933333e+01		8.0253305e-03		2.6344850e-03		5.3506423e-02
2.2000000e+01		6.3479812e-03		-4.0233224e-04		5.4291576e-02
2.2066667e+01		4.6601501e-03		-3.4190181e-03		5.4839976e-02
2.2133333e+01		2.9693169e-03		-6.4023869e-03		5.5148787e-02
2.2200000e+01		1.2828973e-03		-9.3394784e-03		5.5216233e-02
2.2266667e+01		-3.9178806e-04		-1.2217613e-02		5.5041598e-02
2.2333333e+01		-2.0475446e-03		-1.5024447e-02		5.4625238e-02
2.2400000e+01		-3.6773337e-03		-1.7748022e-02		5.3968579e-02
2.2466667e+01		-5.2743012e-03		-2.0376815e-02		5.3074112e-02
2.2533333e+01		-6.8318059e-03		-2.2899792e-02		5.1945384e-02
2.2600000e+01		-8.3434457e-03		-2.5306445e-02		5.0586984e-02
2.2666667e+01		-9.8030831e-03		-2.7586840e-02		4.9004525e-02
2.2733333e+01		-1.1204869e-02		-2.9731657e-02		4.7204618e-02
2.2800000e+01		-1.2543266e-02		-3.1732226e-02		4.5194850e-02
2.2866667e+01		-1.3813067e-02		-3.3580561e-02		4.2983745e-02
2.2933333e+01		-1.5009417e-02		-3.5269392e-02		4.0580732e-02
2.3000000e+01		-1.6127831e-02		-3.6792191e-02		3.7996104e-02
2.3066667e+01		-1.7164206e-02		-3.8143201e-02		3.5240971e-02
2.3133333e+01		-1.8114838e-02		-3.9317450e-02		3.2327215e-02
2.3200000e+01		-1.8976435e-02		-4.0310772e-02		2.9267438e-02
2.3266667e+01		-1.9746124e-02		-4.1119823e-02		2.6074906e-02
2.3333333e+01		-2.0421461e-02		-4.1742085e-02		2.2763489e-02
2.3400000e+01		-2.1000439e-02		-4.2175879e-02		1.9347606e-02
2.3466667e+01		-2.1481488e-02		-4.2420361e-02		1.5842156e-02
2.3533333e+01		-2.1863482e-02		-4.2475526e-02		1.2262458e-02
2.3600000e+01		-2.2145738e-02		-4.2342203e-02		8.6241763e-03
2.3666667e+01		-2.2328013e-02		-4.2022043e-02		4.9432595e-03
2.3733333e+01		-2.2410503e-02		-4.1517511e-02		1.2358645e-03
2.3800000e+01		-2.2393836e-02		-4.0831867e-02		-2.4817126e-03
2.3866667e+01		-2.2279066e-02		-3.9969154e-02		-6.1931093e-03
2.3933333e+01		-2.2067664e-02		-3.8934166e-02		-9.8819688e-03
2.4000000e+01		-2.1761509e-02		-3.7732432e-02		-1.3532013e-02
2.4066667e+01		-2.1362872e-02		-3.6370182e-02		-1.7127115e-02
2.4133333e+01		-2.0874407e-02		-3.4854320e-02		-2.0651369e-02
2.4200000e+01		-2.0299132e-02		-3.3192385e-02		-2.4089166e-02
2.4266667e+01		-1.9640415e-02		-3.1392520e-02		-2.7425256e-02
2.4333333e+01		-1.8901954e-02		-2.9463429e-02		-3.0644822e-02
2.4400000e+01		-1.8087759e-02		-2.7414337e-02		-3.3733546e-02
2.4466667e+01		-1.7202131e-02		-2.5254947e-02		-3.6677669e-02
2.4533333e+01		-1.6249641e-02		-2.2995395e-02		-3.9464056e-02
2.4600000e+01		-1.5235106e-02		-2.0646203e-02		-4.2080255e-02
2.4666667e+01		-1.4163569e-02		-1.8218230e-02		-4.4514551e-02
2.4733333e+01		-1.3040269e-02		-1.5722624e-02		-4.6756022e-02
2.4800000e+01		-1.1870624e-02		-1.3170771e-02		-4.8794583e-02
2.4866667e+01		-1.0660200e-02		-1.0574243e-02		-5.0621038e-02
2.4933333e+01		-9.4146877e-03		-7.9447458e-03		-5.2227118e-02
2.5000000e+01		-8.1398749e-03		-5.2940700e-03		-5.3605517e-02
2.5066667e+01		-6.8416228e-03		-2.6340357e-03		-5.4749932e-02
2.5133333e+01		-5.5258383e-03		2.3558538e-05		-5.5655083e-02
2.5200000e+01		-4.1984479e-03		2.6669870e-03		-5.6316745e-02
2.5266667e+01		-2.8653722e-03		5.2846484e-03		-5.6731765e-02
2.5333333e+01		-1.5325000e-03		7.8651157e-03		-5.6898077e-02
2.5400000e+01		-2.0566296e-04		1.0397186e-02		-5.6814710e-02
2.5466667e+01		1.1093893e-03		1.2869927e-02		-5.6481797e-02
2.5533333e+01		2.4070130e-03		1.5272727e-02		-5.5900576e-02
2.5600000e+01		3.6816945e-03		1.7595336e-02		-5.5073379e-02
2.5666667e+01		4.9280723e-03		1.9827909e-02		-5.4003632e-02
2.5733333e+01		6.1409592e-03		2.1961052e-02		-5.2695832e-02
2.5800000e+01		7.3153636e-03		2.3985854e-02		-5.1155535e-02
2.5866667e+01		8.4465089e-03		2.5893929e-02		-4.9389328e-02
2.5933333e+01		9.5298522e-03		2.7677448e-02		-4.7404801e-02
2.6000000e+01		1.0561102e-02		2.9329171e-02		-4.5210516e-02
2.6066667e+01		1.1536236e-02		3.0842475e-02		-4.2815970e-02
2.6133333e+01		1.2451513e-02		3.2211381e-02		-4.0231552e-02
2.6200000e+01		1.3303488e-02		3.3430576e-02		-3.7468496e-02
2.6266667e+01		1.4089026e-02		3.4495433e-02		-3.4538839e-02
2.6333333e+01		1.4805312e-02		3.5402031e-02		-3.1455359e-02
2.6400000e+01		1.5449857e-02		3.6147163e-02		-2.8231526e-02
2.6466667e+01		1.6020512e-02		3.6728351e-02		-2.4881438e-02
2.6533333e+01		1.6515467e-02		3.7143852e-02		-2.1419765e-02
2.6600000e+01		1.6933263e-02		3.7392661e-02		-1.7861676e-02
2.6666667e+01		1.7272789e-02		3.7474513e-02		-1.4222781e-02
2.6733333e+01		1.7533286e-02		3.7389880e-02		-1.0519054e-02
2.6800000e+01		1.7714351e-02		3.7139967e-02		-6.7667688e-03
2.6866667e+01		1.7815926e-02		3.6726697e-02		-2.9824243e-03
2.6933333e+01		1.7838305e-02		3.6152708e-02		8.1732854e-04
2.7000000e+01		1.7782124e-02		3.5421331e-02		4.6157599e-03
2.7066667e+01		1.7648356e-02		3.4536574e-02		8.3961353e-03
2.7133333e+01		1.7438304e-02		3.3503103e-02		1.2141790e-02
2.7200000e+01		1.7153593e-02		3.2326216e-02		1.5836201e-02
2.7266667e+01		1.6796157e-02		3.1011815e-02		1.9463064e-02
2.7333333e+01		1.6368234e-02		2.9566383e-02		2.3006363e-02
2.7400000e+01		1.5872344e-02		2.7996947e-02		2.6450442e-02
2.7466667e+01		1.5311287e-02		2.6311047e-02		2.9780073e-02
2.7533333e+01		1.4688117e-02		2.4516699e-02		3.2980529e-02
2.7600000e+01		1.4006134e-02		2.2622360e-02		3.6037642e-02
2.7666667e+01		1.3268865e-02		2.0636886e-02		3.8937872e-02
2.7733333e+01		1.2480046e-02		1.8569492e-02		4.1668366e-02
2.7800000e+01		1.1643603e-02		1.6429711e-02		4.4217011e-02
2.7866667e+01		1.0763636e-02		1.4227349e-02		4.6572496e-02
2.7933333e+01		9.8443972e-03		1.1972441e-02		4.8724355e-02
2.8000000e+01		8.8902731e-03		9.6752067e-03		5.0663017e-02
2.8066667e+01		7.9057614e-03		7.3460024e-03		5.2379849e-02
2.8133333e+01		6.8954526e-03		4.9952774e-03		5.3867194e-02
2.8200000e+01		5.8640083e-03		2.6335264e-03		5.5118407e-02
2.8266667e+01		4.8161404e-03		2.7124318e-04		5.6127880e-02
2.8333333e+01		3.7565902e-03		-2.0811257e-03		5.6891074e-02
2.8400000e+01		2.6901072e-03		-4.4132263e-03		5.7404534e-02
2.8466667e+01		1.6214285e-03		-6.7148425e-03		5.7665908e-02
2.8533333e+01		5.5525824e-04		-8.9759405e-03		5.7673955e-02
2.8600000e+01		-5.0375270e-04		-1.1186712e-02		5.7428554e-02
2.8666667e+01		-1.5510264e-03		-1.3337616e-02		5.6930704e-02
2.8733333e+01		-2.5820775e-03		-1.5419420e-02		5.6182517e-02
2.8800000e+01		-3.5925313e-03		-1.7423240e-02		5.5187214e-02
2.8866667e+01		-4.5781428e-03		-1.9340574e-02		5.3949108e-02
2.8933333e+01		-5.5348132e-03		-2.1163345e-02		5.2473583e-02
2.9000000e+01		-6.4586068e-03		-2.2883927e-02		5.0767077e-02
2.9066667e+01		-7.3457672e-03		-2.4495181e-02		4.8837048e-02
2.9133333e+01		-8.1927311e-03		-2.5990482e-02		4.6691944e-02
2.9200000e+01		-8.9961430e-03		-2.7363749e-02		4.4341163e-02
2.9266667e+01		-9.7528677e-03		-2.8609465e-02		4.1795017e-02
2.9333333e+01		-1.0460002e-02		-2.9722701e-02		3.9064680e-02
2.9400000e+01		-1.1114885e-02		-3.0699136e-02		3.6162146e-02
2.9466667e+01		-1.1715109e-02		-3.1535072e-02		3.3100167e-02
2.9533333e+01		-1.2258525e-02		-3.2227445e-02		2.9892206e-02
2.9600000e+01		-1.2743254e-02		-3.2773842e-02		2.6552371e-02
2.9666667e+01		-1.3167687e-02		-3.3172503e-02		2.3095356e-02
2.9733333e+01		-1.3530496e-02		-3.3422329e-02		1.9536374e-02
2.9800000e+01		-1.3830633e-02		-3.3522879e-02		1.5891092e-02
2.9866667e+01		-1.4067333e-02		-3.3474378e-02		1.2175560e-02
2.9933333e+01		-1.4240117e-02		-3.3277705e-02		8.4061401e-03
3.0000000e+01		-1.4348787e-02		-3.2934387e-02		4.5994343e-03
3.0066667e+01		-1.4393431e-02		-3.2446596e-02		7.7221172e-04
3.0133333e+01		-1.4374414e-02		-3.1817129e-02		-3.0586663e-03
3.0200000e+01		-1.4292376e-02		-3.1049395e-02		-6.8763206e-03
3.0266667e+01		-1.4148229e-02		-3.0147402e-02		-1.0663929e-02
3.0333333e+01		-1.3943148e-02		-2.9115728e-02		-1.4404801e-02
3.0400000e+01		-1.3678564e-02		-2.7959508e-02		-1.8082451e-02
3.0466667e+01		-1.3356157e-02		-2.6684401e-02		-2.1680672e-02
3.0533333e+01		-1.2977844e-02		-2.5296568e-02		-2.5183606e-02
3.0600000e+01		-1.2545773e-02		-2.3802639e-02		-2.8575818e-02
3.0666667e+01		-1.2062305e-02		-2.2209686e-02		-3.1842357e-02
3.0733333e+01		-1.1530008e-02		-2.0525184e-02		-3.4968832e-02
3.0800000e+01		-1.0951640e-02		-1.8756982e-02		-3.7941466e-02
3.0866667e+01		-1.0330139e-02		-1.6913265e-02		-4.0747165e-02
3.0933333e+01		-9.6686031e-03		-1.5002514e-02		-4.3373568e-02
3.1000000e+01		-8.9702824e-03		-1.3033472e-02		-4.5809112e-02
3.1066667e+01		-8.2385580e-03		-1.1015100e-02		-4.8043071e-02
3.1133333e+01		-7.4769286e-03		-8.9565394e-03		-5.0065613e-02
3.1200000e+01		-6.6889939e-03		-6.8670686e-03		-5.1867841e-02
3.1266667e+01		-5.8784375e-03		-4.7560641e-03		-5.3441829e-02
3.1333333e+01		-5.0490107e-03		-2.6329574e-03		-5.4780660e-02
3.1400000e+01		-4.2045151e-03		-5.0719308e-04		-5.5878458e-02
3.1466667e+01		-3.3487858e-03		1.6118123e-03		-5.6730408e-02
3.1533333e+01		-2.4856742e-03		3.7147121e-03		-5.7332786e-02
3.1600000e+01		-1.6190310e-03		5.7922699e-03		-5.7682965e-02
3.1666667e+01		-7.5268971e-04		7.8354004e-03		-5.7779437e-02
3.1733333e+01		1.0955047e-04		9.8352084e-03		-5.7621811e-02
3.1800000e+01		9.6394057e-04		1.1783027e-02		-5.7210820e-02
3.1866667e+01		1.8067980e-03		1.3670456e-02		-5.6548314e-02
3.1933333e+01		2.6345220e-03		1.5489396e-02		-5.5637255e-02
3.2000000e+01		3.4436087e-03		1.7232084e-02		-5.4481702e-02
3.2066667e+01		4.2306656e-03		1.8891126e-02		-5.3086792e-02
3.2133333e+01		4.9924256e-03		2.0459529e-02		-5.1458717e-02
3.2200000e+01		5.7257601e-03		2.1930728e-02		-4.9604699e-02
3.2266667e+01		6.4276914e-03		2.3298616e-02		-4.7532957e-02
3.2333333e+01		7.0954047e-03		2.4557565e-02		-4.5252667e-02
3.2400000e+01		7.7262587e-03		2.5702453e-02		-4.2773926e-02
3.2466667e+01		8.3177963e-03		2.6728683e-02		-4.0107705e-02
3.2533333e+01		8.8677528e-03		2.7632201e-02		-3.7265798e-02
3.2600000e+01		9.3740653e-03		2.8409510e-02		-3.4260775e-02
3.2666667e+01		9.8348792e-03		2.9057686e-02		-3.1105920e-02
3.2733333e+01		1.0248555e-02		2.9574387e-02		-2.7815178e-02
3.2800000e+01		1.0613673e-02		2.9957862e-02		-2.4403088e-02
3.2866667e+01		1.0929040e-02		3.0206955e-02		-2.0884722e-02
3.2933333e+01		1.1193688e-02		3.0321107e-02		-1.7275617e-02
3.3000000e+01		1.1406881e-02		3.0300359e-02		-1.3591705e-02
3.3066667e+01		1.1568115e-02		3.0145349e-02		-9.8492436e-03
3.3133333e+01		1.1677117e-02		2.9857301e-02		-6.0647454e-03
3.3200000e+01		1.1733846e-02		2.9438027e-02		-2.2549020e-03
3.3266667e+01		1.1738489e-02		2.8889909e-02		1.5634882e-03
3.3333333e+01		1.1691462e-02		2.8215887e-02		5.3735949e-03
3.3400000e+01		1.1593402e-02		2.7419449e-02		9.1586300e-03
3.3466667e+01		1.1445165e-02		2.6504608e-02		1.2901922e-02
3.3533333e+01		1.1247820e-02		2.5475883e-02		1.6586990e-02
3.3600000e+01		1.1002643e-02		2.4338281e-02		2.0197615e-02
3.3666667e+01		1.0711106e-02		2.3097269e-02		2.3717915e-02
3.3733333e+01		1.0374877e-02		2.1758748e-02		2.7132412e-02
3.3800000e+01		9.9958017e-03		2.0329028e-02		3.0426100e-02
3.3866667e+01		9.5759003e-03		1.8814797e-02		3.3584514e-02
3.3933333e+01		9.1173550e-03		1.7223090e-02		3.6593791e-02
3.4000000e+01		8.6224993e-03		1.5561255e-02		3.9440733e-02
3.4066667e+01		8.0938065e-03		1.3836925e-02		4.2112864e-02
3.4133333e+01		7.5338781e-03		1.2057976e-02		4.4598487e-02
3.4200000e+01		6.9454309e-03		1.0232496e-02		4.6886729e-02
3.4266667e+01		6.3312843e-03		8.3687465e-03		4.8967599e-02
3.4333333e+01		5.6943473e-03		6.4751262e-03		5.0832022e-02
3.4400000e+01		5.0376048e-03		4.5601336e-03		5.2471885e-02
3.4466667e+01		4.3641041e-03		2.6323285e-03		5.3880069e-02
3.4533333e+01		3.6769410e-03		7.0029435e-04		5.5050481e-02
3.4600000e+01		2.9792457e-03		-1.2273998e-03		5.5978084e-02
3.4666667e+01		2.2741690e-03		-3.1422372e-03		5.6658911e-02
3.4733333e+01		1.5648683e-03		-5.0357905e-03		5.7090089e-02
3.4800000e+01		8.5449363e-04		-6.8997586e-03		5.7269849e-02
3.4866667e+01		1.4617406e-04		-8.7260030e-03		5.7197531e-02
3.4933333e+01		-5.5699595e-04		-1.0506583e-02		5.6873590e-02
3.5000000e+01		-1.2519697e-03		-1.2233791e-02		5.6299591e-02
3.5066667e+01		-1.9357614e-03		-1.3900182e-02		5.5478202e-02
3.5133333e+01		-2.6054585e-03		-1.5498610e-02		5.4413181e-02
3.5200000e+01		-3.2582340e-03		-1.7022257e-02		5.3109363e-02
3.5266667e+01		-3.8913580e-03		-1.8464660e-02		5.1572629e-02
3.5333333e+01		-4.5022091e-03		-1.9819740e-02		4.9809890e-02
3.5400000e+01		-5.0882848e-03		-2.1081827e-02		4.7829047e-02
3.5466667e+01		-5.6472117e-03		-2.2245683e-02		4.5638962e-02
3.5533333e+01		-6.1767544e-03		-2.3306524e-02		4.3249414e-02
3.5600000e+01		-6.6748247e-03		-2.4260040e-02		4.0671058e-02
3.5666667e+01		-7.1394893e-03		-2.5102410e-02		3.7915373e-02
3.5733333e+01		-7.5689771e-03		-2.5830320e-02		3.4994618e-02
3.5800000e+01		-7.9616855e-03		-2.6440973e-02		3.1921771e-02
3.5866667e+01		-8.3161862e-03		-2.6932103e-02		2.8710472e-02
3.5933333e+01		-8.6312301e-03		-2.7301979e-02		2.5374967e-02
3.6000000e+01		-8.9057512e-03		-2.7549413e-02		2.1930037e-02
3.6066667e+01		-9.1388699e-03		-2.7673761e-02		1.8390940e-02
3.6133333e+01		-9.3298951e-03		-2.7674928e-02		1.4773338e-02
3.6200000e+01		-9.4783261e-03		-2.7553364e-02		1.1093228e-02
3.6266667e+01		-9.5838532e-03		-2.7310057e-02		7.3668758e-03
3.6333333e+01		-9.6463571e-03		-2.6946533e-02		3.6107369e-03
3.6400000e+01		-9.6659085e-03		-2.6464841e-02		-1.5861171e-04
3.6466667e+01		-9.6427658e-03		-2.5867548e-02		-3.9245461e-03
3.6533333e+01		-9.5773727e-03		-2.5157720e-02		-7.6704693e-03
3.6600000e+01		-9.4703549e-03		-2.4338911e-02		-1.1379884e-02
3.6666667e+01		-9.3225155e-03		-2.3415143e-02		-1.5036467e-02
3.6733333e+01		-9.1348305e-03		-2.2390888e-02		-1.8624139e-02
3.6800000e+01		-8.9084427e-03		-2.1271047e-02		-2.2127137e-02
3.6866667e+01		-8.6446558e-03		-2.0060923e-02		-2.5530082e-02
3.6933333e+01		-8.3449273e-03		-1.8766202e-02		-2.8818051e-02
3.7000000e+01		-8.0108608e-03		-1.7392923e-02		-3.1976638e-02
3.7066667e+01		-7.6441975e-03		-1.5947449e-02		-3.4992018e-02
3.7133333e+01		-7.2468083e-03		-1.4436441e-02		-3.7851011e-02
3.7200000e+01		-6.8206837e-03		-1.2866826e-02		-4.0541136e-02
3.7266667e+01		-6.3679248e-03		-1.1245764e-02		-4.3050667e-02
3.7333333e+01		-5.8907328e-03		-9.5806181e-03		-4.5368686e-02
3.7400000e+01		-5.3913986e-03		-7.8789198e-03		-4.7485127e-02
3.7466667e+01		-4.8722923e-03		-6.1483352e-03		-4.9390823e-02
3.7533333e+01		-4.3358520e-03		-4.3966310e-03		-5.1077546e-02
3.7600000e+01		-3.7845726e-03		-2.6316398e-03		-5.2538038e-02
3.7666667e+01		-3.2209944e-03		-8.6122525e-04		-5.3766049e-02
3.7733333e+01		-2.6476916e-03		9.0675294e-04		-5.4756357e-02
3.7800000e+01		-2.0672610e-03		2.6644735e-03		-5.5504798e-02
3.7866667e+01		-1.4823099e-03		4.4041880e-03		-5.6008275e-02
3.7933333e+01		-8.9544531e-04		6.1182549e-03		-5.6264778e-02
3.8000000e+01		-3.0926177e-04		7.7991731e-03		-5.6273387e-02
3.8066667e+01		2.7366937e-04		9.4396142e-03		-5.6034277e-02
3.8133333e+01		8.5081127e-04		1.1032455e-02		-5.5548720e-02
3.8200000e+01		1.4196724e-03		1.2570806e-02		-5.4819069e-02
3.8266667e+01		1.9778172e-03		1.4048045e-02		-5.3848758e-02
3.8333333e+01		2.5228760e-03		1.5457841e-02		-5.2642278e-02
3.8400000e+01		3.0525555e-03		1.6794186e-02		-5.1205157e-02
3.8466667e+01		3.5646476e-03		1.8051414e-02		-4.9543938e-02
3.8533333e+01		4.0570387e-03		1.9224233e-02		-4.7666149e-02
3.8600000e+01		4.5277183e-03		2.0307738e-02		-4.5580265e-02
3.8666667e+01		4.9747868e-03		2.1297439e-02		-4.3295671e-02
3.8733333e+01		5.3964632e-03		2.2189277e-02		-4.0822624e-02
3.8800000e+01		5.7910917e-03		2.2979636e-02		-3.8172200e-02
3.8866667e+01		6.1571484e-03		2.3665365e-02		-3.5356250e-02
3.8933333e+01		6.4932465e-03		2.4243785e-02		-3.2387344e-02
3.9000000e+01		6.7981416e-03		2.4712702e-02		-2.9278716e-02
3.9066667e+01		7.0707360e-03		2.5070412e-02		-2.6044202e-02
3.9133333e+01		7.3100823e-03		2.5315711e-02		-2.2698184e-02
3.9200000e+01		7.5153864e-03		2.5447893e-02		-1.9255519e-02
3.9266667e+01		7.6860100e-03		2.5466759e-02		-1.5731479e-02
3.9333333e+01		7.8214719e-03		2.5372609e-02		-1.2141680e-02
3.9400000e+01		7.9214490e-03		2.5166243e-02		-8.5020115e-03
3.9466667e+01		7.9857768e-03		2.4848955e-02		-4.8285688e-03
3.9533333e+01		8.0144481e-03		2.4422524e-02		-1.1375801e-03
3.9600000e+01		8.0076129e-03		2.3889207e-02		2.5546648e-03
3.9666667e+01		7.9655756e-03		2.3251726e-02		6.2318872e-03
3.9733333e+01		7.8887930e-03		2.2513255e-02		9.8778908e-03
3.9800000e+01		7.7778708e-03		2.1677403e-02		1.3476634e-02
3.9866667e+01		7.6335601e-03		2.0748200e-02		1.7012299e-02
3.9933333e+01		7.4567530e-03		1.9730073e-02		2.0469363e-02
4.0000000e+01		7.2484770e-03		1.8627829e-02		0.0000000e+00
